18000.0,18000.0,3.38,12.44,5.44,4.7,10.72,8.36,7.99,408.65,421.39,8.29,18000.0,18000.0,7.7,3.72,3.77,1.37,3.55
18000.0,18000.0,2.76,20.08,3.09,2.28,13.17,13.26,6.89,113.16,113.28,3.43,217.87,146.53,4.06,2.9,1.8,0.9,1.32
18000.0,18000.0,13.6,74.85,25.61,20.84,164.72,19.07,27.34,771.53,771.37,17.21,680.19,651.92,19.54,12.16,21.13,4.88,12.19
18000.0,18000.0,6.0,68.86,34.51,18.65,96.71,22.96,39.05,495.05,490.49,9.44,526.91,684.12,26.71,8.28,8.01,3.38,3.2
18000.0,18000.0,34.89,269.73,204.0,160.2,892.48,156.3,262.41,18000.0,18000.0,97.12,18000.0,18000.0,116.49,123.03,126.62,88.93,25.09
18000.0,18000.0,1.39,7.33,1.28,1.44,2.23,2.29,3.64,116.26,117.54,0.67,70.82,51.58,2.38,0.73,0.77,0.39,0.69
18000.0,18000.0,5.64,32.1,16.15,11.65,62.6,16.25,14.17,414.96,436.86,9.51,310.76,222.52,15.16,7.13,11.7,6.21,8.45
18000.0,18000.0,4.38,29.35,8.68,6.1,47.23,15.74,17.15,262.67,256.11,7.79,221.94,215.08,8.27,4.38,5.88,1.74,2.47
18000.0,18000.0,19.02,132.37,92.76,90.95,489.01,68.88,78.65,18000.0,18000.0,53.83,1462.15,1175.09,81.19,43.39,61.68,35.23,21.34
18000.0,18000.0,17.32,108.17,68.33,64.72,245.44,45.23,63.43,1108.68,1145.15,18.41,1085.8,918.81,40.5,27.38,31.75,24.4,13.36
18000.0,18000.0,1.06,4.06,1.1,1.45,1.4,1.04,1.23,359.55,361.92,1.04,18000.0,18000.0,3.62,1.04,0.58,0.33,1.34
18000.0,18000.0,1.24,6.36,1.29,0.79,4.89,2.85,2.4,240.34,227.58,0.85,104.74,80.09,2.24,1.32,0.86,0.31,0.97
18000.0,18000.0,6.3,38.67,16.02,10.09,60.47,17.94,16.32,967.39,985.59,8.66,1038.03,1236.57,14.96,8.04,14.47,5.51,7.95
18000.0,18000.0,6.43,31.3,12.0,10.75,40.8,19.31,22.05,403.28,399.35,4.04,244.65,273.08,11.84,8.06,7.95,2.25,2.7
18000.0,18000.0,11.2,148.13,24.75,23.16,247.77,52.0,58.78,870.53,902.06,11.57,744.9,979.83,49.44,26.11,25.82,16.51,8.53
18000.0,18000.0,1.8,3.46,1.45,1.57,1.49,1.14,1.14,961.12,1009.36,1.43,18000.0,18000.0,4.49,1.16,0.76,0.39,1.86
18000.0,18000.0,0.59,1.43,0.62,0.58,0.25,0.28,0.24,34.94,35.33,0.12,15.3,15.78,0.94,0.28,0.27,0.23,0.39
18000.0,18000.0,3.44,15.83,11.88,4.6,14.22,6.83,6.99,192.67,189.69,5.63,18000.0,18000.0,9.05,4.47,3.32,1.32,6.35
18000.0,18000.0,3.0,14.84,3.28,2.96,15.71,7.04,5.33,180.84,185.1,2.29,222.45,253.77,5.83,1.97,2.05,1.16,1.56
18000.0,18000.0,11.8,77.55,34.49,28.25,170.19,38.74,33.68,712.58,695.63,21.64,1015.23,750.23,25.45,34.19,24.94,17.91,23.49
18000.0,18000.0,4.42,83.53,14.08,9.29,114.81,23.2,22.74,609.67,605.44,11.32,726.67,691.7,13.36,7.1,7.8,6.72,4.51
18000.0,18000.0,27.82,320.7,90.76,98.1,1193.47,123.57,126.72,18000.0,18000.0,88.38,18000.0,18000.0,113.46,146.63,139.48,28.68,49.3
18000.0,18000.0,0.79,4.15,0.49,0.51,0.43,0.8,0.63,21.52,22.32,0.76,28.2,23.1,1.04,0.33,0.35,0.18,0.35
18000.0,18000.0,0.96,2.11,0.82,0.87,0.59,0.48,1.0,122.38,127.32,1.11,19.61,25.22,1.3,0.56,0.4,0.45,0.85
18000.0,18000.0,1.22,6.72,1.34,1.17,4.5,4.31,2.73,104.98,106.61,1.6,50.69,49.49,2.15,0.81,0.96,0.83,1.27
18000.0,18000.0,8.59,30.57,11.41,7.25,53.66,15.98,10.5,1128.21,1063.44,10.67,381.46,400.99,18.29,14.19,8.73,2.15,10.84
18000.0,18000.0,44.72,167.25,115.61,69.03,541.37,71.69,54.87,18000.0,18000.0,40.68,1211.07,1627.28,113.06,48.3,61.32,32.37,25.76
18000.0,18000.0,18.11,166.6,42.77,30.93,203.63,42.81,49.64,1095.27,1085.63,12.87,912.69,722.73,45.1,24.52,40.31,17.22,7.54
18000.0,18000.0,20.09,111.36,17.18,19.7,66.1,79.23,85.53,18000.0,18000.0,75.08,18000.0,18000.0,19.26,22.02,16.68,21.39,85.31
18000.0,18000.0,2.71,14.25,3.62,4.05,6.81,4.61,6.54,18000.0,18000.0,2.07,435.73,518.93,1.8,1.79,1.74,1.61,4.83
18000.0,18000.0,14.98,169.75,27.34,23.46,43.04,70.89,61.75,18000.0,18000.0,61.25,18000.0,18000.0,23.3,37.81,14.59,18.35,56.69
18000.0,18000.0,3.61,16.9,4.2,4.76,8.25,6.96,9.51,18000.0,18000.0,5.79,18000.0,18000.0,6.34,3.45,2.51,2.77,6.47
18000.0,18000.0,18.83,188.81,28.78,25.61,58.78,79.46,60.87,18000.0,18000.0,29.48,18000.0,18000.0,19.0,31.1,17.25,7.09,200.12
18000.0,18000.0,4.95,28.04,5.51,6.12,9.62,8.35,9.11,18000.0,18000.0,4.5,18000.0,18000.0,4.47,4.9,2.76,1.92,11.31
18000.0,18000.0,20.98,164.92,22.83,19.72,71.47,72.47,77.43,18000.0,18000.0,38.75,18000.0,18000.0,37.56,18.19,15.31,12.21,114.36
18000.0,18000.0,24.06,153.2,14.81,16.21,63.19,57.86,58.28,18000.0,18000.0,301.97,18000.0,18000.0,37.38,46.82,21.7,8.54,55.99
18000.0,18000.0,2.96,22.93,3.94,4.85,4.15,3.62,6.28,18000.0,18000.0,2.13,18000.0,18000.0,1.88,2.05,1.52,1.35,3.71
18000.0,18000.0,16.79,220.59,49.55,29.64,89.44,41.88,88.09,18000.0,18000.0,29.14,18000.0,18000.0,28.55,24.44,22.01,13.51,79.29
18000.0,18000.0,3.99,21.77,5.68,6.29,7.4,7.5,5.95,18000.0,18000.0,4.77,561.52,421.48,2.22,3.51,2.0,1.35,7.89
18000.0,18000.0,3.72,21.59,3.72,4.27,9.34,8.69,6.22,18000.0,18000.0,3.35,18000.0,18000.0,2.56,5.03,2.59,1.83,4.47
18000.0,18000.0,13.19,204.03,23.95,28.12,43.72,54.17,92.58,18000.0,18000.0,50.01,18000.0,18000.0,25.55,16.54,8.17,18.13,80.09
18000.0,18000.0,2.86,23.34,4.05,4.25,5.38,6.17,5.95,18000.0,18000.0,4.02,565.22,598.2,2.18,2.14,1.3,1.36,7.57
18000.0,18000.0,25.0,172.04,37.27,35.46,87.73,58.18,79.65,18000.0,18000.0,51.23,18000.0,18000.0,29.77,31.13,34.42,5.32,58.51
18000.0,18000.0,1.98,13.07,3.6,4.12,4.36,4.66,5.52,18000.0,18000.0,5.3,18000.0,18000.0,1.58,4.05,1.77,1.18,5.52
18000.0,18000.0,21.88,30.05,19.7,8.12,20.81,3.51,3.22,18000.0,18000.0,10.2,18000.0,18000.0,6.25,4.01,2.89,3.57,4.08
18000.0,18000.0,18000.0,581.2,278.87,192.22,357.89,133.86,148.87,18000.0,18000.0,165.45,18000.0,18000.0,18000.0,482.43,284.86,57.19,87.49
18000.0,18000.0,18000.0,478.35,88.69,94.97,118.35,54.02,49.13,18000.0,18000.0,51.02,18000.0,18000.0,18000.0,191.45,193.71,39.84,22.64
18000.0,18000.0,18000.0,962.41,309.01,218.0,443.03,115.65,209.51,18000.0,18000.0,135.1,18000.0,18000.0,18000.0,304.79,341.15,56.77,68.32
348.79,382.55,489.88,46.49,4.24,10.98,3.24,2.02,1.89,472.16,496.27,4.82,155.75,138.4,57.31,27.5,25.17,2.76,1.73
18000.0,18000.0,18000.0,423.32,128.97,271.13,163.24,77.51,74.27,18000.0,18000.0,56.24,18000.0,18000.0,18000.0,228.24,224.99,41.34,39.2
2.02,1.62,0.49,0.23,0.04,0.04,0.03,0.01,0.01,0.14,0.13,0.02,0.1,0.11,0.63,0.09,0.09,0.02,0.02
18000.0,18000.0,24.77,6.89,14.25,13.77,63.8,10.35,10.29,18000.0,18000.0,14.55,18000.0,18000.0,78.88,6.34,6.25,15.02,13.14
18000.0,18000.0,18000.0,428.58,98.86,143.81,105.59,68.58,82.1,18000.0,18000.0,59.41,18000.0,18000.0,18000.0,196.33,182.46,54.65,64.81
18000.0,18000.0,18000.0,1446.23,372.64,386.18,356.43,221.5,274.96,18000.0,18000.0,91.03,18000.0,18000.0,18000.0,389.76,808.82,121.53,90.19
18000.0,18000.0,1090.07,120.45,27.74,33.69,19.04,10.86,10.62,18000.0,18000.0,19.16,18000.0,1108.21,321.22,34.12,42.48,8.18,4.92
18000.0,18000.0,0.56,2.89,1.04,1.39,1.28,0.52,0.54,18000.0,18000.0,1.02,45.06,345.04,0.24,0.12,0.12,0.42,0.53
18000.0,18000.0,18000.0,476.5,144.27,137.34,98.69,58.42,46.98,18000.0,18000.0,58.4,18000.0,18000.0,18000.0,98.86,214.98,32.37,44.52
18000.0,18000.0,292.38,14.68,5.24,11.91,7.65,9.12,9.35,18000.0,18000.0,5.08,18000.0,18000.0,109.93,6.88,6.58,5.48,4.57
18000.0,18000.0,18000.0,18000.0,18000.0,18000.0,18000.0,18000.0,18000.0,18000.0,18000.0,18000.0,18000.0,18000.0,18000.0,18000.0,18000.0,18000.0,18000.0
18000.0,18000.0,569.44,86.51,292.06,275.43,293.8,38.22,60.83,18000.0,18000.0,19.43,18000.0,18000.0,873.38,140.26,176.06,30.68,42.69
41.38,17.84,29.87,27.07,1.2,1.28,0.1,14.3,0.24,18000.0,18000.0,0.16,0.16,3.99,37.34,0.24,0.37,0.15,4.33
37.97,6.25,10.4,11.45,1.36,1.6,0.08,2.22,0.18,18000.0,18000.0,0.13,0.17,4.13,7.47,1.02,0.98,0.14,0.76
18000.0,18000.0,1273.45,1209.97,502.2,252.96,505.56,94.45,68.24,18000.0,18000.0,80.19,18000.0,18000.0,1011.31,458.77,184.69,28.91,19.35
18000.0,18000.0,18000.0,18000.0,46.78,96.97,24.04,571.09,77.29,18000.0,18000.0,47.48,18000.0,18000.0,1046.89,116.5,110.91,42.75,80.83
18000.0,18000.0,18000.0,18000.0,5.73,53.72,8.88,324.36,46.4,18000.0,18000.0,8.65,18000.0,18000.0,559.11,43.73,36.5,20.81,77.83
18000.0,18000.0,18000.0,18000.0,6.02,50.99,6.29,93.25,123.73,18000.0,18000.0,17.43,18000.0,18000.0,272.33,46.24,35.7,12.11,75.16
18000.0,18000.0,18000.0,18000.0,3.91,50.51,5.3,264.09,29.14,18000.0,18000.0,7.45,18000.0,18000.0,247.51,60.09,36.59,12.39,72.38
18000.0,18000.0,18000.0,18000.0,6.25,18000.0,7.01,241.68,98.35,18000.0,18000.0,12.54,18000.0,18000.0,18000.0,39.73,40.19,38.71,65.1
18000.0,18000.0,18000.0,18000.0,29.79,18000.0,57.84,90.76,1027.01,18000.0,18000.0,38.27,18000.0,18000.0,18000.0,50.88,32.39,48.96,92.35
18000.0,18000.0,18000.0,18000.0,6.19,18000.0,7.35,213.97,42.92,18000.0,18000.0,12.64,18000.0,18000.0,18000.0,26.81,26.23,16.66,40.58
29.81,10.66,18000.0,50.75,12.75,12.49,0.11,1.88,0.14,18000.0,18000.0,0.23,18000.0,18000.0,44.8,2.78,1.76,0.36,2.16
18000.0,18000.0,585.44,18000.0,78.99,72.93,27.16,215.12,143.63,18000.0,18000.0,43.69,18000.0,18000.0,564.54,51.89,35.0,15.79,200.57
18000.0,18000.0,18000.0,18000.0,18000.0,18000.0,18000.0,618.73,684.39,18000.0,18000.0,301.94,18000.0,18000.0,18000.0,317.94,375.36,146.27,461.72
18000.0,18000.0,907.99,18000.0,217.29,231.08,67.06,100.69,18000.0,18000.0,18000.0,76.97,18000.0,18000.0,632.26,86.07,67.86,26.43,260.71
18000.0,18000.0,18000.0,18000.0,18000.0,18000.0,18000.0,18000.0,18000.0,18000.0,18000.0,593.23,18000.0,18000.0,18000.0,606.45,419.45,336.68,425.22
18000.0,18000.0,132.0,18000.0,65.69,78.76,599.88,32.35,23.75,18000.0,18000.0,17.32,18000.0,18000.0,229.62,41.23,37.77,21.25,82.87
18000.0,18000.0,69.48,18000.0,26.07,30.55,10.04,25.29,18.66,18000.0,18000.0,8.48,18000.0,18000.0,209.04,14.15,20.17,19.06,12.71
18000.0,18000.0,303.08,18000.0,109.81,157.97,26.55,55.04,42.6,18000.0,18000.0,11.75,18000.0,18000.0,514.83,35.44,36.84,24.57,142.53
18000.0,754.1,18000.0,18000.0,75.6,18000.0,29.67,18000.0,3.02,18000.0,18000.0,83.77,18000.0,18000.0,135.66,42.86,40.7,98.49,103.76
208.84,40.98,316.32,18000.0,24.86,339.93,78.58,460.94,0.73,18000.0,18000.0,27.53,18000.0,18000.0,30.35,53.67,55.05,50.32,52.27
218.63,40.77,383.05,18000.0,48.21,132.6,69.22,63.57,0.72,18000.0,18000.0,51.88,18000.0,18000.0,33.09,61.23,61.53,48.41,51.52
663.53,18000.0,18000.0,18000.0,33.66,51.54,60.19,205.01,1.69,18000.0,18000.0,38.25,18000.0,18000.0,144.07,92.64,91.12,81.33,89.55
614.75,18000.0,18000.0,18000.0,139.72,158.75,27.9,302.12,1.69,18000.0,18000.0,157.17,18000.0,18000.0,147.09,53.28,53.82,86.45,94.75
18000.0,18000.0,18000.0,18000.0,187.85,195.55,20.01,18000.0,1760.7,18000.0,18000.0,55.02,18000.0,18000.0,228.39,92.77,42.58,40.51,59.39
18000.0,18000.0,1259.48,18000.0,201.77,192.15,32.59,18000.0,18000.0,18000.0,18000.0,318.52,18000.0,18000.0,1009.13,553.75,227.06,22.54,49.98
18000.0,908.31,185.2,18000.0,16.59,44.82,1.48,27.75,2.43,18000.0,18000.0,1.59,18000.0,18000.0,24.33,2.27,2.21,1.92,8.01
18000.0,18000.0,204.64,18000.0,17.68,48.48,6.67,41.98,24.95,18000.0,18000.0,4.84,18000.0,18000.0,37.54,13.46,12.0,10.65,47.23
18000.0,18000.0,229.76,18000.0,15.71,50.66,2.65,54.57,31.22,18000.0,18000.0,2.35,18000.0,18000.0,40.68,9.59,6.26,3.05,31.45
18000.0,18000.0,18000.0,327.07,67.41,65.58,101.33,76.86,39.01,18000.0,18000.0,34.91,18000.0,18000.0,881.91,85.07,38.89,35.09,24.85
18000.0,18000.0,18000.0,346.32,62.11,58.14,141.23,95.65,136.12,18000.0,18000.0,127.39,18000.0,18000.0,963.17,138.69,68.86,48.37,30.77
348.87,18000.0,18000.0,18000.0,6.08,25.17,6.58,18000.0,8.65,18000.0,18000.0,10.31,18000.0,18000.0,349.46,473.74,483.39,73.42,88.98
18000.0,18000.0,18000.0,18000.0,29.79,47.52,20.07,762.85,517.98,18000.0,18000.0,88.55,18000.0,18000.0,18000.0,148.17,82.45,73.61,117.94
18000.0,18000.0,18000.0,18000.0,73.12,96.09,55.05,18000.0,18000.0,18000.0,18000.0,64.8,18000.0,18000.0,18000.0,361.23,70.71,72.75,301.91
18000.0,18000.0,18000.0,18000.0,173.2,18000.0,211.76,974.86,1564.42,18000.0,18000.0,237.12,18000.0,18000.0,184.28,137.42,83.85,18000.0,388.28
18000.0,871.3,18000.0,18000.0,1.28,879.31,1.26,18000.0,1212.25,18000.0,18000.0,2.13,18000.0,18000.0,93.78,92.51,91.2,73.22,594.6
635.67,464.82,368.62,18000.0,77.99,295.36,80.84,18000.0,1.18,18000.0,18000.0,62.52,18000.0,18000.0,16.12,53.81,46.11,42.89,66.16
18000.0,18000.0,18000.0,18000.0,18.14,18000.0,17.73,281.93,58.14,18000.0,18000.0,23.35,18000.0,18000.0,151.68,11.14,10.58,28.86,81.49
18000.0,18000.0,18000.0,18000.0,5.79,18000.0,8.81,197.42,71.73,18000.0,18000.0,9.91,18000.0,18000.0,209.62,43.21,36.97,15.7,86.77
18000.0,54.02,1625.3,18000.0,376.26,402.7,49.41,188.36,13.37,18000.0,18000.0,0.6,0.45,317.83,24.76,6.91,7.35,16.95,20.92
18000.0,18000.0,1.54,1.5,1.94,2.19,0.1,0.18,0.21,18000.0,18000.0,0.2,18000.0,18000.0,0.85,0.24,0.26,0.15,0.2
18000.0,18000.0,18000.0,355.85,18.3,104.99,13.11,30.25,31.23,18000.0,18000.0,8.07,18000.0,18000.0,1587.53,54.74,80.82,5.35,4.21
18000.0,18000.0,14.73,3.22,2.59,2.81,0.17,0.71,0.68,18000.0,18000.0,0.32,18000.0,18000.0,9.21,0.39,0.51,0.26,0.45
18000.0,18000.0,5.78,3.9,4.54,4.87,0.27,1.45,1.5,18000.0,18000.0,1.08,18000.0,18000.0,2.72,0.74,0.62,0.36,0.49
18000.0,18000.0,413.41,56.22,34.55,48.73,4.44,12.08,12.95,18000.0,18000.0,7.33,18000.0,18000.0,121.09,9.69,10.07,9.41,2.74
18000.0,18000.0,14.64,4.77,3.68,8.7,0.48,3.23,3.51,18000.0,18000.0,1.12,18000.0,18000.0,15.49,1.3,0.57,0.92,0.35
18000.0,18000.0,23.05,4.14,2.79,2.96,0.67,1.05,1.02,18000.0,18000.0,1.79,18000.0,18000.0,9.46,0.74,0.79,0.94,0.38
18000.0,18000.0,19.28,5.77,7.78,4.35,6.17,1.36,1.42,18000.0,18000.0,1.77,18000.0,18000.0,4.72,0.81,1.65,1.72,1.19
18000.0,18000.0,12.55,2.27,4.7,5.08,0.2,0.4,0.64,18000.0,18000.0,0.34,18000.0,18000.0,2.75,0.5,0.43,0.33,0.34
18000.0,18000.0,3.81,1.55,2.2,2.39,0.11,0.19,0.19,18000.0,18000.0,0.19,18000.0,18000.0,1.3,0.3,0.24,0.19,0.21
18000.0,18000.0,6.36,5.52,2.23,5.54,1.73,1.34,1.42,18000.0,18000.0,0.87,18000.0,18000.0,2.65,0.74,1.53,0.21,0.3
18000.0,18000.0,5.09,2.57,4.94,5.15,0.12,0.26,0.32,18000.0,18000.0,0.36,18000.0,18000.0,3.01,0.42,0.44,0.23,0.32
18000.0,18000.0,4.28,2.51,4.77,5.44,0.26,0.36,0.36,18000.0,18000.0,0.34,18000.0,18000.0,2.63,0.47,0.47,0.27,0.32
18000.0,18000.0,7.26,4.64,2.83,3.38,1.17,0.75,0.91,18000.0,18000.0,0.73,18000.0,18000.0,3.42,0.46,0.34,0.36,0.35
18000.0,18000.0,19.6,3.29,4.25,4.35,1.99,1.85,1.72,18000.0,18000.0,3.94,18000.0,18000.0,12.65,1.72,1.17,0.62,0.57
18000.0,18000.0,30.41,4.09,3.92,6.95,1.91,1.49,2.17,18000.0,18000.0,0.88,18000.0,18000.0,5.09,0.86,3.23,2.77,1.78
18000.0,18000.0,18000.0,1550.45,413.4,240.69,18000.0,271.67,250.58,18000.0,18000.0,1268.44,18000.0,18000.0,18000.0,18000.0,18000.0,341.48,41.23
18000.0,18000.0,3.28,2.09,4.81,5.01,0.11,0.32,0.52,18000.0,18000.0,0.28,18000.0,18000.0,2.28,0.34,0.32,0.19,0.24
18000.0,18000.0,2.35,1.53,2.01,2.19,0.09,0.17,0.21,18000.0,18000.0,0.15,18000.0,18000.0,1.15,0.27,0.24,0.14,0.18
18000.0,18000.0,2.38,1.71,2.62,3.05,0.16,0.2,0.3,18000.0,18000.0,0.29,18000.0,18000.0,1.77,0.28,0.35,0.22,0.25
18000.0,18000.0,9.05,3.34,5.04,5.46,0.28,0.6,0.54,18000.0,18000.0,0.41,18000.0,18000.0,6.17,0.79,0.68,0.25,0.4
18000.0,18000.0,18000.0,18000.0,1439.09,1447.55,1229.62,1420.12,1724.82,18000.0,18000.0,443.04,18000.0,18000.0,18000.0,18000.0,18000.0,329.81,183.25
18000.0,18000.0,12.53,2.34,3.04,2.73,0.31,1.0,0.65,18000.0,18000.0,0.43,18000.0,18000.0,2.79,0.47,0.62,0.39,0.3
18000.0,18000.0,18000.0,18.81,8.13,21.26,1.93,7.58,8.65,18000.0,18000.0,2.39,18000.0,18000.0,890.9,14.69,6.64,5.36,1.78
18000.0,18000.0,18000.0,32.79,3.84,7.09,1.79,14.26,14.63,18000.0,18000.0,4.85,18000.0,18000.0,18000.0,1.29,1.59,0.98,0.62
18000.0,18000.0,18000.0,650.91,344.21,78.8,12.45,188.99,194.77,18000.0,18000.0,13.83,18000.0,18000.0,18000.0,9.9,79.07,22.34,10.23
18000.0,18000.0,18000.0,605.03,198.34,949.92,482.09,110.02,102.83,18000.0,18000.0,701.76,18000.0,18000.0,18000.0,148.37,18000.0,118.65,81.87
18000.0,18000.0,18000.0,53.7,5.22,11.27,2.96,48.34,50.71,18000.0,18000.0,5.99,18000.0,18000.0,487.18,4.03,5.38,1.85,4.13
18000.0,18000.0,18000.0,112.13,59.27,9.87,9.81,28.8,24.06,18000.0,18000.0,16.37,18000.0,18000.0,18000.0,16.97,60.64,5.72,4.14
18000.0,18000.0,855.65,126.83,127.81,103.73,104.53,16.44,14.26,18000.0,18000.0,11.61,18000.0,18000.0,228.16,148.09,15.55,13.88,3.67
18000.0,18000.0,8.93,3.53,2.24,2.67,0.13,2.9,2.71,18000.0,18000.0,0.31,18000.0,18000.0,5.73,0.5,0.37,0.19,0.29
18000.0,18000.0,18000.0,18000.0,18000.0,18000.0,18000.0,18000.0,18000.0,18000.0,18000.0,18000.0,18000.0,18000.0,18000.0,18000.0,18000.0,18000.0,18000.0
18000.0,18000.0,18000.0,18000.0,302.47,18000.0,18000.0,546.62,465.07,18000.0,18000.0,792.32,18000.0,18000.0,18000.0,18000.0,18000.0,18000.0,951.79
18000.0,18000.0,18000.0,18000.0,18000.0,18000.0,18000.0,18000.0,18000.0,18000.0,18000.0,1199.78,18000.0,18000.0,18000.0,18000.0,18000.0,18000.0,18000.0
18000.0,18000.0,27.37,329.52,79.2,66.4,25.15,200.47,29.0,18000.0,18000.0,16.6,18000.0,18000.0,15.95,15.17,15.61,13.74,14.52
18000.0,18000.0,611.01,88.24,296.61,250.4,30.59,105.02,199.1,18000.0,18000.0,24.87,18000.0,18000.0,104.97,48.52,10.39,10.73,13.82
18000.0,18000.0,18000.0,18000.0,18000.0,18000.0,18000.0,18000.0,18000.0,18000.0,18000.0,18000.0,18000.0,18000.0,18000.0,18000.0,18000.0,18000.0,18000.0
18000.0,18000.0,18000.0,18000.0,18000.0,18000.0,18000.0,18000.0,18000.0,18000.0,18000.0,18000.0,18000.0,18000.0,18000.0,18000.0,18000.0,18000.0,18000.0
18000.0,18000.0,18000.0,18000.0,18000.0,18000.0,18000.0,18000.0,18000.0,18000.0,18000.0,18000.0,18000.0,18000.0,18000.0,18000.0,18000.0,18000.0,18000.0
18000.0,18000.0,1741.19,523.17,765.5,1055.14,18000.0,308.13,18000.0,18000.0,18000.0,1226.14,18000.0,18000.0,18000.0,535.44,549.36,484.65,495.88
18000.0,18000.0,1.67,2.07,20.74,21.42,0.06,0.06,0.06,18000.0,18000.0,0.12,18000.0,18000.0,1.01,0.28,0.28,0.14,0.15
18000.0,18000.0,12.56,8.04,71.94,72.19,3.08,2.57,3.07,18000.0,18000.0,3.35,18000.0,18000.0,5.03,2.54,2.24,3.36,3.13
18000.0,18000.0,0.85,1.04,3.82,3.72,0.2,0.3,0.41,18000.0,18000.0,0.26,18000.0,18000.0,0.48,0.23,0.22,0.29,0.3
18000.0,18000.0,2.3,1.86,10.64,11.3,2.56,0.69,0.81,18000.0,18000.0,2.76,18000.0,18000.0,1.22,1.67,1.55,1.84,1.89
18000.0,18000.0,68.92,43.41,20.58,37.27,24.66,33.66,27.54,18000.0,18000.0,16.46,18000.0,18000.0,46.57,21.08,20.91,24.37,25.64
18000.0,18000.0,614.74,1661.84,18000.0,795.94,18000.0,18000.0,18000.0,18000.0,18000.0,18000.0,18000.0,18000.0,18000.0,18000.0,18000.0,18000.0,18000.0
18000.0,18000.0,10.41,7.44,19.04,18.86,0.26,0.47,0.28,18000.0,18000.0,0.53,18000.0,18000.0,4.29,1.31,1.28,0.55,0.55
18000.0,18000.0,24.22,15.04,18.93,19.72,0.61,0.57,0.6,18000.0,18000.0,0.87,18000.0,18000.0,8.76,3.15,2.86,1.07,1.1
18000.0,18000.0,30.41,18.64,18.15,20.8,1.2,0.75,0.82,18000.0,18000.0,1.4,18000.0,18000.0,11.76,4.16,4.15,1.49,1.49
18000.0,18000.0,32.99,21.77,0.82,20.28,0.84,0.74,0.96,18000.0,18000.0,1.48,18000.0,18000.0,13.73,4.95,5.29,1.71,1.69
18000.0,18000.0,5.63,4.67,62.43,70.54,0.23,0.37,0.28,18000.0,18000.0,0.37,18000.0,18000.0,2.63,0.83,0.8,0.45,0.44
18000.0,18000.0,1.61,1.76,13.37,13.54,0.07,0.1,0.09,18000.0,18000.0,0.12,18000.0,18000.0,0.84,0.28,0.27,0.17,0.17
18000.0,18000.0,377.09,1332.05,391.87,18000.0,278.92,610.08,18000.0,18000.0,18000.0,245.04,18000.0,18000.0,594.04,1590.6,1774.91,1434.62,1448.38
18000.0,18000.0,18000.0,381.06,18000.0,183.88,18000.0,1760.82,695.3,18000.0,18000.0,18000.0,18000.0,18000.0,1398.69,18000.0,18000.0,18000.0,18000.0
18000.0,18000.0,9.67,18.74,28.44,28.65,141.88,16.74,15.77,18000.0,18000.0,19.39,18000.0,18000.0,16.7,9.7,9.4,20.0,19.02
18000.0,18000.0,18000.0,18000.0,18000.0,18000.0,18000.0,18000.0,18000.0,18000.0,18000.0,18000.0,18000.0,18000.0,18000.0,18000.0,18000.0,18000.0,18000.0
18000.0,18000.0,461.43,147.66,146.16,197.37,488.28,146.74,173.63,18000.0,18000.0,169.43,18000.0,18000.0,168.83,96.63,91.46,202.56,190.89
18000.0,18000.0,3.23,3.13,35.47,36.62,0.09,0.12,0.1,18000.0,18000.0,0.17,18000.0,18000.0,1.53,0.52,0.45,0.22,0.21
18000.0,18000.0,2.52,2.49,26.47,27.6,0.07,0.08,0.08,18000.0,18000.0,0.15,18000.0,18000.0,1.23,0.39,0.36,0.18,0.17
18000.0,18000.0,63.56,67.05,2.02,24.97,2.01,3.1,1.78,18000.0,18000.0,3.47,18000.0,18000.0,43.23,16.08,16.14,3.75,3.89
18000.0,18000.0,18000.0,18000.0,18000.0,18000.0,18000.0,18000.0,18000.0,18000.0,18000.0,18000.0,18000.0,18000.0,18000.0,18000.0,18000.0,18000.0,18000.0
18000.0,18000.0,18000.0,18000.0,18000.0,18000.0,18000.0,18000.0,18000.0,18000.0,18000.0,18000.0,18000.0,18000.0,18000.0,18000.0,18000.0,18000.0,18000.0
18000.0,18000.0,18000.0,18000.0,18000.0,18000.0,18000.0,18000.0,18000.0,18000.0,18000.0,18000.0,18000.0,18000.0,18000.0,18000.0,18000.0,18000.0,18000.0
18000.0,18000.0,202.28,85.97,80.58,77.0,166.02,46.47,48.42,18000.0,18000.0,61.61,18000.0,18000.0,156.29,46.42,42.6,61.0,61.02
18000.0,18000.0,1.72,1.92,10.01,10.82,1.41,0.33,1.01,18000.0,18000.0,1.23,18000.0,18000.0,1.51,1.42,1.46,0.56,0.52
18000.0,18000.0,33.55,20.98,1.41,21.45,1.28,1.63,2.26,18000.0,18000.0,2.85,18000.0,18000.0,12.23,4.93,5.02,2.24,2.29
18000.0,18000.0,160.24,57.23,376.3,237.9,244.35,151.34,237.89,18000.0,18000.0,266.05,18000.0,18000.0,62.63,69.53,66.87,263.87,266.03
18000.0,18000.0,18000.0,18000.0,18000.0,18000.0,18000.0,18000.0,18000.0,18000.0,18000.0,18000.0,18000.0,18000.0,18000.0,18000.0,18000.0,18000.0,18000.0
18000.0,18000.0,18000.0,18000.0,18000.0,18000.0,18000.0,18000.0,18000.0,18000.0,18000.0,18000.0,18000.0,18000.0,18000.0,18000.0,18000.0,18000.0,18000.0
18000.0,18000.0,18000.0,18000.0,18000.0,18000.0,18000.0,18000.0,18000.0,18000.0,18000.0,18000.0,18000.0,18000.0,18000.0,18000.0,18000.0,18000.0,18000.0
18000.0,18000.0,18000.0,18000.0,18000.0,18000.0,18000.0,18000.0,18000.0,18000.0,18000.0,18000.0,18000.0,18000.0,18000.0,18000.0,18000.0,18000.0,18000.0
18000.0,18000.0,679.66,136.64,514.72,548.89,549.32,554.6,679.67,18000.0,18000.0,560.52,18000.0,18000.0,145.5,139.28,132.48,934.44,853.81
18000.0,18000.0,39.52,36.08,49.6,67.8,70.79,96.88,54.02,18000.0,18000.0,75.58,18000.0,18000.0,15.65,10.76,11.47,91.67,90.65
18000.0,18000.0,36.95,38.57,53.13,88.22,64.25,100.96,45.95,18000.0,18000.0,65.26,18000.0,18000.0,15.24,11.45,11.33,97.92,96.45
18000.0,18000.0,82.83,55.44,216.32,278.67,223.12,258.78,268.0,18000.0,18000.0,185.42,18000.0,18000.0,31.77,40.07,35.01,132.76,131.11
18000.0,18000.0,18000.0,1434.38,18000.0,18000.0,18000.0,18000.0,18000.0,18000.0,18000.0,18000.0,18000.0,18000.0,18000.0,18000.0,1757.37,18000.0,18000.0
18000.0,18000.0,69.4,31.14,93.93,118.27,85.39,108.32,104.86,18000.0,18000.0,113.5,18000.0,18000.0,14.89,15.99,16.59,152.72,147.44
18000.0,18000.0,46.64,28.79,67.73,99.01,62.84,102.83,75.94,18000.0,18000.0,76.11,18000.0,18000.0,12.47,9.26,9.21,102.62,105.98
18000.0,18000.0,275.3,156.93,556.86,613.15,772.31,838.57,368.49,18000.0,18000.0,635.23,18000.0,18000.0,69.64,101.82,111.31,818.82,787.9
18000.0,18000.0,18000.0,18000.0,18000.0,18000.0,18000.0,18000.0,18000.0,18000.0,18000.0,18000.0,18000.0,18000.0,18000.0,18000.0,18000.0,18000.0,18000.0
18000.0,18000.0,50.18,49.05,95.52,124.28,125.64,137.95,71.47,18000.0,18000.0,105.93,18000.0,18000.0,17.99,16.08,15.22,146.16,144.57
18000.0,18000.0,84.95,56.03,181.17,206.38,160.97,241.43,100.57,18000.0,18000.0,168.31,18000.0,18000.0,31.95,26.71,27.76,198.31,202.98
18000.0,18000.0,18000.0,18000.0,18000.0,18000.0,18000.0,18000.0,18000.0,18000.0,18000.0,18000.0,18000.0,18000.0,18000.0,18000.0,18000.0,18000.0,18000.0
18000.0,18000.0,71.89,50.31,91.29,95.77,118.83,19.32,52.63,18000.0,18000.0,66.52,18000.0,18000.0,62.45,42.6,42.02,72.44,72.18
18000.0,18000.0,18000.0,18000.0,18000.0,18000.0,18000.0,18000.0,18000.0,18000.0,18000.0,18000.0,18000.0,18000.0,18000.0,18000.0,18000.0,18000.0,18000.0
18000.0,18000.0,18000.0,18000.0,18000.0,18000.0,18000.0,18000.0,18000.0,18000.0,18000.0,18000.0,18000.0,18000.0,18000.0,18000.0,18000.0,18000.0,18000.0
18000.0,18000.0,18000.0,18000.0,18000.0,18000.0,18000.0,18000.0,18000.0,18000.0,18000.0,18000.0,18000.0,18000.0,18000.0,18000.0,18000.0,18000.0,18000.0
18000.0,18000.0,245.9,104.84,119.31,123.29,186.31,107.81,119.37,18000.0,18000.0,126.34,18000.0,18000.0,80.16,73.28,68.2,213.88,212.08
18000.0,18000.0,28.94,23.88,25.56,28.59,18.88,25.55,18.43,18000.0,18000.0,20.55,18000.0,18000.0,10.5,4.87,4.71,27.7,28.59
18000.0,18000.0,25.3,23.95,25.08,28.0,17.8,24.72,9.02,18000.0,18000.0,17.66,18000.0,18000.0,10.69,4.82,4.66,23.04,22.57
18000.0,18000.0,47.02,59.81,59.17,61.54,75.84,54.18,61.24,18000.0,18000.0,93.67,18000.0,18000.0,30.27,29.54,29.27,77.28,76.36
18000.0,18000.0,80.32,13.06,40.88,43.69,14.68,18.92,16.07,18000.0,18000.0,15.09,18000.0,18000.0,6.23,3.19,2.92,29.66,28.45
18000.0,18000.0,124.51,72.93,84.13,83.83,62.86,54.29,48.99,18000.0,18000.0,51.07,18000.0,18000.0,81.13,26.86,25.6,65.97,67.7
18000.0,18000.0,76.66,75.8,97.98,105.14,103.2,128.52,45.35,18000.0,18000.0,97.62,18000.0,18000.0,33.51,38.03,38.96,127.31,126.37
18000.0,18000.0,85.18,77.46,112.47,128.47,172.21,185.5,89.24,18000.0,18000.0,109.25,18000.0,18000.0,36.5,59.08,56.93,179.84,174.25
18000.0,18000.0,18000.0,18000.0,18000.0,18000.0,18000.0,18000.0,18000.0,18000.0,18000.0,18000.0,18000.0,18000.0,18000.0,18000.0,18000.0,18000.0,18000.0
18000.0,18000.0,26.3,24.16,31.11,34.17,28.52,28.97,18.23,18000.0,18000.0,24.98,18000.0,18000.0,11.16,7.82,6.59,32.77,32.65
18000.0,18000.0,35.85,28.25,41.71,47.92,53.63,53.66,33.59,18000.0,18000.0,38.34,18000.0,18000.0,14.17,11.75,12.9,62.38,60.66
18000.0,18000.0,18000.0,18000.0,18000.0,18000.0,18000.0,18000.0,18000.0,18000.0,18000.0,18000.0,18000.0,18000.0,18000.0,18000.0,18000.0,18000.0,18000.0
18000.0,18000.0,984.09,1001.36,1184.71,1345.95,931.61,1458.18,1121.63,18000.0,18000.0,822.46,18000.0,18000.0,153.51,200.22,197.36,1627.96,1637.71
18000.0,18000.0,18000.0,18000.0,489.75,135.71,125.23,18000.0,18000.0,18000.0,18000.0,177.8,18000.0,18000.0,354.9,954.25,18000.0,196.26,125.73
18000.0,18000.0,18000.0,988.76,32.55,11.7,11.21,76.7,79.81,18000.0,18000.0,11.23,18000.0,18000.0,111.81,6.58,38.96,14.55,4.63
18000.0,18000.0,18000.0,18000.0,54.32,68.39,35.0,352.19,381.69,18000.0,18000.0,16.52,18000.0,18000.0,214.37,23.18,11.6,5.03,46.55
18000.0,18000.0,18000.0,18000.0,117.44,101.79,88.49,18000.0,18000.0,18000.0,18000.0,66.42,18000.0,18000.0,703.86,133.26,373.81,274.61,8.26
18000.0,18000.0,1290.52,18000.0,16.28,35.5,32.64,760.49,613.98,18000.0,18000.0,85.89,18000.0,18000.0,107.4,32.67,53.05,30.47,13.9
18000.0,18000.0,18000.0,18000.0,16.84,5.7,3.77,62.05,60.84,18000.0,18000.0,3.87,18000.0,18000.0,239.1,4.68,4.03,3.07,1.88
18000.0,18000.0,18000.0,18000.0,15.03,7.41,40.84,1783.64,1727.29,18000.0,18000.0,139.68,18000.0,18000.0,172.85,14.04,230.48,10.2,50.94
18000.0,18000.0,18000.0,18000.0,60.7,121.12,98.09,18000.0,18000.0,18000.0,18000.0,201.47,18000.0,18000.0,1625.09,78.23,18000.0,325.21,91.33
18000.0,18000.0,696.11,18000.0,48.14,13.33,86.89,18000.0,18000.0,18000.0,18000.0,63.24,18000.0,18000.0,86.27,27.48,18000.0,27.71,13.0
18000.0,18000.0,96.96,241.39,0.61,0.49,0.52,15.19,12.59,18000.0,18000.0,0.21,18000.0,18000.0,5.76,0.79,0.55,0.26,0.69
18000.0,18000.0,567.26,18000.0,28.51,4.05,41.75,476.63,629.0,18000.0,18000.0,11.15,18000.0,18000.0,129.34,10.66,15.04,16.95,14.54
18000.0,18000.0,169.52,18000.0,19.77,3.53,12.34,339.99,327.88,18000.0,18000.0,4.51,18000.0,18000.0,25.63,11.85,2.13,0.37,2.62
18000.0,18000.0,90.96,18000.0,3.94,2.05,2.71,84.14,119.95,18000.0,18000.0,3.66,18000.0,18000.0,11.76,2.01,1.97,4.01,1.36
18000.0,18000.0,316.38,18000.0,1.55,2.69,0.52,232.73,189.66,18000.0,18000.0,0.37,18000.0,18000.0,37.22,1.43,1.26,0.55,3.48
18000.0,18000.0,64.24,18000.0,1.02,2.54,0.25,108.23,107.66,18000.0,18000.0,0.19,18000.0,18000.0,7.02,0.83,0.51,0.42,2.69
18000.0,18000.0,43.5,551.53,1.13,2.51,0.22,20.33,16.02,18000.0,18000.0,0.17,18000.0,18000.0,2.53,0.74,0.35,0.41,3.04
18000.0,18000.0,70.8,18000.0,1.4,2.37,0.43,63.49,54.41,18000.0,18000.0,0.48,18000.0,18000.0,8.87,1.05,0.77,0.5,3.94
18000.0,18000.0,102.87,18000.0,1.23,2.52,0.5,22.34,18.09,18000.0,18000.0,0.43,18000.0,18000.0,5.17,1.2,0.73,0.44,3.15
18000.0,18000.0,153.19,18000.0,1.83,2.98,0.72,49.46,48.93,18000.0,18000.0,0.34,18000.0,18000.0,10.16,3.5,0.69,0.66,3.05
18000.0,18000.0,33.19,18000.0,1.27,2.88,0.61,45.05,62.05,18000.0,18000.0,0.28,18000.0,18000.0,7.28,1.07,0.62,0.45,3.73
18000.0,18000.0,302.43,131.43,208.69,115.9,34.56,28.57,30.74,18000.0,18000.0,45.92,18000.0,18000.0,79.64,28.76,18.69,36.23,77.64
18000.0,18000.0,354.59,50.24,158.06,134.55,44.41,40.55,33.05,18000.0,18000.0,82.34,18000.0,18000.0,66.71,27.72,21.87,42.16,91.91
18000.0,18000.0,446.86,46.9,249.96,142.51,58.58,24.47,33.02,18000.0,18000.0,262.3,18000.0,18000.0,91.25,30.03,27.27,131.75,40.16
18000.0,18000.0,918.75,64.65,56.57,51.51,97.03,46.69,51.02,18000.0,18000.0,34.52,18000.0,18000.0,190.48,25.32,20.41,32.6,76.52
18000.0,18000.0,835.52,124.39,66.5,63.95,139.99,73.64,77.11,18000.0,18000.0,56.18,18000.0,18000.0,203.18,28.41,26.92,30.45,40.92
18000.0,18000.0,18000.0,306.08,377.57,491.37,717.57,563.52,319.27,18000.0,18000.0,318.26,18000.0,18000.0,319.31,283.54,503.06,629.88,332.8
18000.0,18000.0,1440.28,285.01,508.11,353.72,18000.0,318.33,353.17,18000.0,18000.0,415.37,18000.0,18000.0,265.5,540.88,185.54,643.87,333.13
18000.0,18000.0,18000.0,668.77,297.84,343.84,1414.12,507.51,353.61,18000.0,18000.0,699.29,18000.0,18000.0,344.91,323.76,446.33,1345.19,1126.58
18000.0,18000.0,18000.0,534.92,373.7,279.29,1071.59,274.37,271.05,18000.0,18000.0,333.07,18000.0,18000.0,295.78,177.52,176.96,834.35,699.36
18000.0,18000.0,18000.0,494.07,290.46,364.21,887.21,457.62,270.06,18000.0,18000.0,409.63,18000.0,18000.0,360.01,220.55,144.68,580.92,889.31
18000.0,18000.0,81.21,7.4,3.85,4.33,4.01,5.02,4.52,18000.0,18000.0,3.4,18000.0,18000.0,13.58,1.61,1.05,1.96,5.53
18000.0,18000.0,105.51,86.84,11.36,11.16,7.49,12.05,16.69,18000.0,18000.0,11.41,18000.0,18000.0,25.67,3.17,2.0,2.26,6.0
18000.0,18000.0,162.56,25.45,16.18,15.14,9.83,8.56,12.64,18000.0,18000.0,6.65,18000.0,18000.0,20.89,2.58,3.56,2.68,5.86
18000.0,18000.0,100.07,100.34,13.36,17.23,11.66,6.68,10.41,18000.0,18000.0,20.92,18000.0,18000.0,30.3,3.06,2.63,3.44,6.61
18000.0,18000.0,143.98,6.51,6.65,7.94,1.76,7.04,4.22,18000.0,18000.0,2.88,18000.0,18000.0,26.07,1.94,1.79,1.49,5.18
18000.0,18000.0,156.19,49.82,8.32,9.67,8.04,12.31,7.14,18000.0,18000.0,16.02,18000.0,18000.0,36.02,2.36,2.52,2.05,5.26
18000.0,18000.0,141.73,27.36,9.71,8.35,5.07,25.08,5.6,18000.0,18000.0,8.12,18000.0,18000.0,21.45,2.45,1.99,3.94,5.58
18000.0,18000.0,144.11,59.97,7.76,9.39,4.87,8.22,5.87,18000.0,18000.0,9.2,18000.0,18000.0,32.86,2.48,1.73,2.46,6.01
18000.0,18000.0,119.26,65.51,11.75,12.58,7.11,9.41,8.0,18000.0,18000.0,5.37,18000.0,18000.0,24.11,3.01,1.95,2.72,5.91
18000.0,18000.0,171.91,13.31,8.43,10.65,11.33,21.9,17.24,18000.0,18000.0,8.12,18000.0,18000.0,22.39,2.27,1.85,2.85,6.28
18000.0,18000.0,183.08,33.13,11.11,12.17,8.65,10.4,9.93,18000.0,18000.0,19.91,18000.0,18000.0,23.17,2.57,2.02,2.66,6.36
18000.0,18000.0,163.21,17.61,7.82,8.57,12.31,11.56,14.43,18000.0,18000.0,11.12,18000.0,18000.0,29.56,2.31,2.93,2.12,6.74
18000.0,18000.0,45.95,591.68,1.79,1.94,0.27,18.14,17.89,18000.0,18000.0,0.14,18000.0,18000.0,5.21,0.93,0.4,0.29,1.61
18000.0,18000.0,1046.09,18000.0,6.51,14.35,4.38,391.37,394.85,18000.0,18000.0,3.27,18000.0,18000.0,264.07,12.17,7.99,8.24,2.74
18000.0,18000.0,710.85,18000.0,7.51,5.42,4.02,118.45,150.7,18000.0,18000.0,1.72,18000.0,18000.0,57.21,5.06,2.6,1.09,3.84
18000.0,18000.0,18000.0,18000.0,7.43,2.41,1.28,67.42,69.59,18000.0,18000.0,0.61,18000.0,18000.0,47.56,4.11,2.28,0.45,2.57
18000.0,18000.0,317.26,18000.0,5.98,3.92,0.57,141.76,152.69,18000.0,18000.0,1.13,18000.0,18000.0,17.47,5.32,1.55,0.62,2.57
18000.0,18000.0,368.55,18000.0,8.81,3.35,0.69,45.84,43.2,18000.0,18000.0,0.39,18000.0,18000.0,44.31,5.22,0.84,0.68,2.11
18000.0,18000.0,18000.0,18000.0,33.62,15.25,104.37,18000.0,18000.0,18000.0,18000.0,599.52,18000.0,18000.0,470.5,52.25,455.64,44.35,27.06
18000.0,18000.0,17.71,207.57,4.57,2.77,8.13,47.33,41.06,18000.0,18000.0,1.68,18000.0,18000.0,3.5,0.52,0.92,1.47,1.11
18000.0,18000.0,14.86,84.64,3.81,5.27,20.72,40.42,38.36,18000.0,18000.0,2.25,18000.0,18000.0,3.39,0.77,0.43,1.11,1.04
18000.0,18000.0,15.55,126.87,4.93,3.45,29.48,51.31,52.34,18000.0,18000.0,2.47,18000.0,18000.0,3.25,0.57,1.77,2.73,1.22
18000.0,18000.0,16.31,207.68,4.38,4.73,9.44,36.27,34.74,18000.0,18000.0,1.66,18000.0,18000.0,2.62,0.39,0.4,1.23,1.15
18000.0,18000.0,16.05,516.78,5.64,6.33,3.62,33.04,33.95,18000.0,18000.0,1.6,18000.0,18000.0,3.53,1.09,0.69,2.67,1.05
18000.0,18000.0,17.08,428.28,6.78,4.6,13.67,40.84,49.43,18000.0,18000.0,3.34,18000.0,18000.0,2.69,0.62,0.82,1.65,1.1
18000.0,18000.0,16.05,545.77,1.53,2.27,46.33,61.76,43.55,18000.0,18000.0,3.89,18000.0,18000.0,5.38,0.43,1.75,3.16,1.26
18000.0,18000.0,17.03,339.01,3.23,3.33,38.76,40.56,51.53,18000.0,18000.0,3.08,18000.0,18000.0,8.15,0.56,1.9,1.56,1.21
18000.0,18000.0,25.05,258.44,61.92,65.15,120.45,235.82,171.67,18000.0,18000.0,2.8,18000.0,18000.0,9.69,2.21,3.35,6.76,1.47
18000.0,18000.0,15.2,257.72,4.87,3.52,34.71,60.94,56.31,18000.0,18000.0,1.99,18000.0,18000.0,3.89,1.02,1.5,6.94,1.13
18000.0,18000.0,18.84,225.3,24.26,31.42,54.35,42.31,65.42,18000.0,18000.0,6.26,18000.0,18000.0,4.72,2.15,6.13,7.22,1.24
18000.0,18000.0,14.25,258.31,19.23,54.71,78.18,51.51,72.82,18000.0,18000.0,2.74,18000.0,18000.0,4.09,0.96,2.21,9.24,1.37
18000.0,18000.0,18.62,211.09,36.76,52.81,63.84,45.16,77.43,18000.0,18000.0,4.54,18000.0,18000.0,2.73,0.95,1.92,31.15,1.25
18000.0,18000.0,11.99,130.24,8.91,5.04,9.55,18.77,18.83,18000.0,18000.0,1.59,18000.0,18000.0,1.83,0.5,0.36,0.6,0.98
18000.0,18000.0,31.54,685.88,44.9,155.59,159.69,121.32,160.42,18000.0,18000.0,5.5,18000.0,18000.0,13.11,2.56,29.92,20.81,1.44
18000.0,18000.0,18.06,340.73,13.57,7.38,25.34,73.14,79.13,18000.0,18000.0,3.12,18000.0,18000.0,5.07,0.57,3.85,0.84,1.05
18000.0,18000.0,13.74,132.82,25.93,16.24,17.05,41.03,48.43,18000.0,18000.0,4.38,18000.0,18000.0,10.74,0.98,2.37,3.6,1.2
18000.0,18000.0,20.39,150.06,32.36,33.11,66.38,63.11,49.6,18000.0,18000.0,2.16,18000.0,18000.0,3.63,1.8,2.52,5.54,1.17
18000.0,18000.0,14.49,129.65,25.54,16.32,16.65,38.13,46.31,18000.0,18000.0,4.25,18000.0,18000.0,10.82,1.14,2.34,3.55,1.19
18000.0,18000.0,15.16,89.18,3.52,5.28,21.51,42.79,40.47,18000.0,18000.0,2.09,18000.0,18000.0,3.44,0.77,0.46,1.19,1.08
18000.0,18000.0,15.49,198.69,5.44,2.61,42.69,63.34,48.73,18000.0,18000.0,4.0,18000.0,18000.0,2.5,0.83,1.3,1.82,1.12
18000.0,18000.0,32.6,485.51,30.35,28.69,22.75,80.19,94.57,18000.0,18000.0,8.55,18000.0,18000.0,13.61,1.45,1.11,2.9,5.26
18000.0,18000.0,367.25,1649.1,116.06,230.75,195.92,407.12,392.68,18000.0,18000.0,17.91,18000.0,18000.0,48.56,26.75,43.54,75.72,7.92
18000.0,18000.0,229.35,1277.85,478.89,574.61,343.87,463.56,475.84,18000.0,18000.0,25.94,18000.0,18000.0,40.34,39.07,70.82,131.91,8.78
18000.0,18000.0,212.36,1002.88,221.88,354.2,137.19,300.64,330.95,18000.0,18000.0,18.15,18000.0,18000.0,57.98,19.04,40.59,32.65,7.12
18000.0,18000.0,217.83,890.86,258.25,253.39,467.87,382.31,414.9,18000.0,18000.0,131.84,18000.0,18000.0,39.54,35.01,36.38,42.28,7.64
18000.0,18000.0,393.37,1454.71,74.96,161.34,235.99,385.68,492.57,18000.0,18000.0,25.76,18000.0,18000.0,45.14,15.85,17.97,73.87,8.67
18000.0,18000.0,297.75,964.76,241.59,88.63,190.94,290.12,324.32,18000.0,18000.0,35.29,18000.0,18000.0,28.15,6.9,8.8,43.0,11.37
18000.0,18000.0,357.58,1687.21,121.77,303.84,142.81,291.09,336.86,18000.0,18000.0,103.16,18000.0,18000.0,40.67,48.64,12.57,43.64,7.57
18000.0,18000.0,279.38,818.32,111.07,242.67,167.01,417.44,370.58,18000.0,18000.0,18.2,18000.0,18000.0,43.36,25.33,12.88,78.65,7.61
18000.0,18000.0,1672.74,18000.0,24.83,9.85,6.38,1227.08,1480.75,18000.0,18000.0,10.86,18000.0,18000.0,99.42,8.05,358.39,2.75,11.12
18000.0,18000.0,528.78,18000.0,4.46,2.26,0.3,65.78,138.6,18000.0,18000.0,0.91,18000.0,18000.0,21.3,2.34,0.6,0.33,2.26
18000.0,18000.0,1517.54,467.43,2.06,2.54,1.26,27.83,36.35,18000.0,18000.0,0.96,18000.0,18000.0,59.19,7.74,1.51,0.5,2.24
18000.0,18000.0,18000.0,18000.0,18000.0,18000.0,18000.0,18000.0,18000.0,18000.0,18000.0,18000.0,18000.0,18000.0,18000.0,18000.0,18000.0,18000.0,18000.0
18000.0,18000.0,99.13,18000.0,3.3,3.38,0.36,281.98,195.68,18000.0,18000.0,0.36,1523.47,1614.17,15.67,2.92,0.52,0.25,2.19
18000.0,18000.0,319.62,18000.0,1.82,2.09,0.21,27.31,23.04,18000.0,18000.0,0.12,18000.0,18000.0,26.28,1.31,0.53,0.5,1.75
18000.0,18000.0,214.99,18000.0,2.89,1.98,0.34,151.18,150.32,18000.0,18000.0,0.2,18000.0,18000.0,28.29,3.44,0.49,0.38,2.38
18000.0,18000.0,408.44,18000.0,2.09,3.6,0.75,72.27,84.72,18000.0,18000.0,0.51,18000.0,18000.0,26.79,7.91,0.9,0.58,4.22
18000.0,18000.0,46.27,18000.0,1.64,3.66,0.4,38.91,34.09,18000.0,18000.0,0.23,18000.0,18000.0,21.0,1.21,0.47,0.42,3.6
18000.0,18000.0,118.72,18000.0,2.9,3.62,0.88,37.93,36.6,18000.0,18000.0,0.21,18000.0,18000.0,13.31,1.31,0.74,0.45,3.44
18000.0,18000.0,18000.0,18000.0,4.17,5.03,1.82,217.35,233.44,18000.0,18000.0,2.7,18000.0,18000.0,394.81,15.19,1.56,1.31,6.42
18000.0,18000.0,409.27,18000.0,1.36,3.18,0.37,69.01,62.57,18000.0,18000.0,0.25,18000.0,18000.0,34.52,8.8,1.02,0.55,3.67
18000.0,18000.0,158.75,18000.0,1.26,3.62,0.28,44.86,45.35,18000.0,18000.0,0.26,18000.0,18000.0,13.61,1.81,0.72,0.4,3.41
18000.0,18000.0,829.53,18000.0,1.66,3.67,0.92,61.3,130.31,18000.0,18000.0,0.29,18000.0,18000.0,66.27,6.4,0.71,0.42,3.25
18000.0,18000.0,0.16,0.09,0.03,0.03,0.02,0.02,0.03,18000.0,18000.0,0.04,26.61,27.95,0.09,0.02,0.02,0.03,0.02
18000.0,18000.0,23.05,0.11,0.04,0.06,0.28,0.04,0.07,18000.0,18000.0,0.07,502.1,458.08,2.76,0.26,0.25,0.28,0.05
18000.0,18000.0,0.38,0.08,0.04,0.04,0.07,0.02,0.03,18000.0,18000.0,0.04,31.31,32.52,0.13,0.08,0.05,0.03,0.03
18000.0,18000.0,0.92,0.24,0.12,0.13,0.03,0.07,0.07,18000.0,18000.0,0.03,30.78,25.69,0.1,0.04,0.05,0.04,0.06
18000.0,18000.0,0.76,0.27,0.15,0.19,0.09,0.06,0.06,18000.0,18000.0,0.13,289.73,330.09,0.29,0.16,0.1,0.12,0.07
18000.0,18000.0,0.49,0.07,0.04,0.04,0.05,0.02,0.03,18000.0,18000.0,0.05,36.6,38.68,0.12,0.04,0.13,0.04,0.03
18000.0,18000.0,13.37,0.09,0.01,0.02,0.01,0.02,0.02,18000.0,18000.0,0.01,51.35,45.92,0.02,0.01,0.01,0.01,0.01
18000.0,18000.0,0.38,0.27,0.12,0.12,0.04,0.06,0.07,18000.0,18000.0,0.03,59.73,49.83,0.1,0.04,0.04,0.03,0.06
18000.0,18000.0,0.38,0.11,0.02,0.02,0.01,0.01,0.02,18000.0,18000.0,0.01,194.32,199.94,0.02,0.01,0.01,0.01,0.02
18000.0,18000.0,0.82,0.29,0.16,0.17,0.1,0.05,0.07,18000.0,18000.0,0.1,268.75,343.45,0.35,0.16,0.1,0.09,0.08
18000.0,18000.0,0.87,0.27,0.15,0.17,0.15,0.07,0.09,18000.0,18000.0,0.17,242.32,279.96,0.39,0.12,0.28,0.06,0.08
18000.0,18000.0,0.37,0.07,0.03,0.04,0.08,0.02,0.02,18000.0,18000.0,0.04,21.07,23.45,0.11,0.03,0.04,0.04,0.03
18000.0,18000.0,0.59,0.29,0.18,0.19,0.1,0.08,0.08,18000.0,18000.0,0.09,18000.0,18000.0,0.31,0.15,0.17,0.07,0.07
18000.0,18000.0,4.6,0.25,0.13,0.15,0.04,0.07,0.07,18000.0,18000.0,0.03,21.03,20.67,0.1,0.07,0.07,0.03,0.07
18000.0,18000.0,1.19,0.3,0.18,0.19,0.18,0.06,0.07,18000.0,18000.0,0.09,360.86,339.99,0.33,0.13,0.12,0.1,0.08
18000.0,18000.0,1.09,0.26,0.16,0.17,0.13,0.05,0.06,18000.0,18000.0,0.09,251.67,240.21,0.27,0.09,0.15,0.08,0.07
18000.0,18000.0,0.95,0.25,0.17,0.18,0.11,0.05,0.06,18000.0,18000.0,0.13,334.86,319.2,0.27,0.16,0.12,0.09,0.07
18000.0,18000.0,0.74,0.26,0.14,0.15,0.04,0.06,0.07,18000.0,18000.0,0.03,8.43,8.81,0.1,0.04,0.05,0.04,0.07
18000.0,18000.0,0.7,0.28,0.18,0.18,0.1,0.07,0.07,18000.0,18000.0,0.09,307.3,276.61,0.3,0.2,0.09,0.06,0.07
18000.0,18000.0,0.87,0.28,0.18,0.19,0.17,0.06,0.07,18000.0,18000.0,0.15,18000.0,18000.0,0.26,0.1,0.11,0.07,0.07
18000.0,18000.0,17.36,0.96,0.8,0.77,0.2,0.27,0.51,18000.0,18000.0,0.24,18000.0,18000.0,5.49,0.67,0.85,0.3,0.76
18000.0,18000.0,8.2,0.56,0.5,0.52,0.19,0.28,0.14,462.82,459.66,0.29,18000.0,18000.0,3.05,0.52,0.39,0.17,0.42
18000.0,18000.0,21.86,0.95,0.79,0.81,0.76,0.47,0.41,312.24,313.9,0.75,18000.0,18000.0,7.69,1.47,1.18,0.51,1.18
18000.0,18000.0,47.16,0.87,0.87,0.96,0.51,0.66,0.41,801.12,839.1,0.92,18000.0,18000.0,8.35,1.46,0.92,0.63,1.79
18000.0,18000.0,45.64,2.44,4.01,5.43,1.53,1.36,1.79,18000.0,18000.0,1.18,18000.0,18000.0,9.91,1.55,2.46,2.13,0.95
18000.0,18000.0,27.08,1.74,1.37,1.73,0.76,1.12,0.75,18000.0,18000.0,1.19,18000.0,18000.0,3.51,1.23,1.22,0.92,1.24
18000.0,18000.0,7.35,1.03,0.74,0.89,0.26,0.48,0.38,674.0,667.12,0.25,18000.0,18000.0,0.72,0.26,0.3,0.4,0.51
18000.0,18000.0,18000.0,73.36,66.77,60.89,104.39,47.22,35.73,18000.0,18000.0,27.62,18000.0,18000.0,368.69,276.76,703.86,38.75,44.88
18000.0,18000.0,1539.13,494.24,64.4,46.62,73.02,183.41,145.32,18000.0,18000.0,31.35,18000.0,18000.0,588.88,156.78,97.03,24.63,52.23
18000.0,18000.0,18000.0,359.58,57.83,54.41,164.68,70.33,64.29,18000.0,18000.0,135.05,18000.0,18000.0,680.55,157.44,1666.94,77.69,147.47
18000.0,18000.0,18000.0,554.98,126.4,96.33,78.15,274.83,139.35,18000.0,18000.0,654.51,18000.0,18000.0,211.68,203.86,525.6,60.59,147.67
18000.0,18000.0,18000.0,336.25,47.06,66.0,118.24,136.86,93.69,18000.0,18000.0,71.76,18000.0,18000.0,229.99,131.28,18000.0,45.55,66.5
18000.0,18000.0,18000.0,346.26,130.62,110.66,209.06,194.03,240.37,18000.0,18000.0,175.14,18000.0,18000.0,1001.12,417.92,18000.0,65.64,134.23
18000.0,18000.0,412.24,50.09,23.56,22.73,12.04,19.28,18.9,18000.0,18000.0,24.18,18000.0,18000.0,69.21,50.61,18.13,19.98,37.52
18000.0,18000.0,18000.0,408.3,121.66,140.89,50.7,103.83,114.26,18000.0,18000.0,74.27,18000.0,18000.0,731.37,146.81,1585.28,115.74,123.95
18000.0,18000.0,18000.0,943.81,230.14,172.33,275.61,251.44,156.96,18000.0,18000.0,224.23,18000.0,18000.0,485.79,228.53,18000.0,79.4,69.65
18000.0,18000.0,18000.0,594.07,115.16,81.96,123.56,259.21,243.25,18000.0,18000.0,88.8,18000.0,18000.0,483.59,386.09,18000.0,47.91,80.53
18000.0,18000.0,506.2,43.94,32.53,33.91,17.41,25.22,26.86,18000.0,18000.0,16.11,18000.0,18000.0,96.81,74.68,21.52,33.52,36.88
18000.0,18000.0,18000.0,1221.24,192.4,187.56,232.19,788.08,1292.21,18000.0,18000.0,102.77,18000.0,18000.0,18000.0,301.3,18000.0,170.99,84.86
18000.0,18000.0,18000.0,403.38,138.07,63.3,164.72,226.28,144.2,18000.0,18000.0,115.43,18000.0,18000.0,702.75,222.49,311.63,209.6,89.06
18000.0,18000.0,277.26,55.41,23.16,23.6,8.76,23.23,18.3,18000.0,18000.0,17.7,18000.0,18000.0,93.95,17.49,14.0,21.42,37.23
18000.0,18000.0,775.0,49.98,30.77,29.2,13.04,20.14,20.02,18000.0,18000.0,19.25,18000.0,18000.0,148.13,56.65,30.77,34.04,42.14
18000.0,18000.0,18000.0,18000.0,742.08,528.81,512.72,751.58,549.74,18000.0,18000.0,661.42,18000.0,18000.0,18000.0,1017.22,18000.0,257.42,447.42
18000.0,18000.0,18000.0,1209.74,93.8,83.18,222.61,379.32,485.29,18000.0,18000.0,135.21,18000.0,18000.0,1037.81,332.54,674.27,72.78,82.7
18000.0,18000.0,128.6,69.51,44.26,52.02,13.01,32.34,30.21,18000.0,18000.0,27.94,18000.0,18000.0,46.56,52.09,30.2,38.33,105.04
18000.0,18000.0,18000.0,18000.0,849.48,489.77,592.29,18000.0,1721.96,18000.0,18000.0,436.24,18000.0,18000.0,18000.0,614.21,18000.0,159.48,482.99
18000.0,18000.0,18000.0,18000.0,288.65,359.75,785.67,1668.5,1174.69,18000.0,18000.0,929.12,18000.0,18000.0,1422.53,986.32,18000.0,117.45,411.39
18000.0,18000.0,166.03,64.88,41.95,41.55,17.24,21.14,23.77,18000.0,18000.0,32.62,18000.0,18000.0,29.87,33.63,28.14,36.96,41.46
18000.0,18000.0,983.88,57.72,43.94,35.79,18.82,28.02,25.16,18000.0,18000.0,21.07,18000.0,18000.0,194.88,72.68,39.12,47.31,34.64
18000.0,18000.0,154.04,31.14,25.78,27.51,10.51,11.48,13.99,18000.0,18000.0,15.36,18000.0,18000.0,38.27,18.6,14.96,25.27,50.65
18000.0,18000.0,18000.0,18000.0,931.23,1484.55,18000.0,18000.0,1377.15,18000.0,18000.0,309.2,18000.0,18000.0,18000.0,18000.0,18000.0,1597.76,689.09
18000.0,18000.0,18000.0,18000.0,417.25,158.79,359.91,669.61,378.57,18000.0,18000.0,124.98,18000.0,18000.0,1436.69,589.24,18000.0,117.23,346.34
18000.0,18000.0,18000.0,174.82,50.22,59.63,27.06,27.36,63.91,18000.0,18000.0,32.18,18000.0,18000.0,231.61,133.69,61.28,52.71,56.42
18000.0,18000.0,18000.0,42.9,29.95,27.58,9.3,12.19,12.24,18000.0,18000.0,13.08,18000.0,18000.0,119.57,64.62,19.64,25.61,32.17
18000.0,18000.0,281.81,61.49,25.61,24.59,11.08,20.51,19.14,18000.0,18000.0,13.96,18000.0,18000.0,24.04,23.11,12.06,19.6,22.07
18000.0,18000.0,18000.0,1793.67,837.33,577.74,594.79,514.87,516.8,18000.0,18000.0,120.65,18000.0,18000.0,1068.26,510.11,18000.0,110.27,180.64
18000.0,18000.0,18000.0,18000.0,566.11,319.94,1151.39,18000.0,18000.0,18000.0,18000.0,1455.4,18000.0,18000.0,701.93,529.52,1725.41,315.75,196.2
18000.0,18000.0,190.5,54.61,44.41,39.43,15.5,17.64,19.61,18000.0,18000.0,21.58,18000.0,18000.0,42.6,25.07,16.61,54.48,62.72
18000.0,18000.0,208.09,58.24,27.84,30.36,11.82,16.47,14.25,18000.0,18000.0,14.46,18000.0,18000.0,27.81,27.98,14.35,26.1,33.67
18000.0,18000.0,18000.0,18000.0,671.94,383.19,482.5,18000.0,18000.0,18000.0,18000.0,545.87,18000.0,18000.0,18000.0,945.86,1258.08,1497.48,298.17
18000.0,18000.0,18000.0,18000.0,363.88,162.29,144.66,450.68,352.54,18000.0,18000.0,231.24,18000.0,18000.0,1298.18,602.37,18000.0,81.83,196.82
18000.0,18000.0,18000.0,18000.0,366.19,287.59,293.61,493.9,306.41,18000.0,18000.0,454.35,18000.0,18000.0,829.27,416.12,18000.0,524.64,582.96
18000.0,18000.0,620.83,130.43,44.26,45.47,20.37,44.18,41.66,18000.0,18000.0,27.98,18000.0,18000.0,49.97,54.0,35.57,61.49,50.41
18000.0,18000.0,439.75,52.44,20.09,28.26,8.14,16.83,17.25,18000.0,18000.0,13.05,18000.0,18000.0,69.32,47.6,17.21,32.78,42.61
18000.0,18000.0,18000.0,18000.0,989.53,18000.0,18000.0,18000.0,18000.0,18000.0,18000.0,18000.0,18000.0,18000.0,18000.0,18000.0,18000.0,1327.15,949.85
18000.0,18000.0,18000.0,18000.0,542.62,316.96,18000.0,18000.0,18000.0,18000.0,18000.0,955.32,18000.0,18000.0,18000.0,18000.0,18000.0,1758.96,1184.08
18000.0,18000.0,741.13,128.2,81.75,83.18,42.03,54.38,73.44,18000.0,18000.0,58.89,18000.0,18000.0,234.91,128.26,83.76,93.87,161.13
18000.0,18000.0,425.65,88.72,49.76,51.41,23.76,35.78,32.22,18000.0,18000.0,29.98,18000.0,18000.0,49.2,67.11,20.41,51.09,42.34
18000.0,18000.0,984.29,62.84,64.75,61.85,45.81,26.92,20.35,18000.0,18000.0,24.2,18000.0,18000.0,353.39,132.29,189.27,16.78,26.04
18000.0,18000.0,493.54,68.89,23.29,27.28,23.4,18.54,15.22,18000.0,18000.0,16.5,18000.0,18000.0,135.5,51.28,28.0,12.05,21.04
18000.0,18000.0,743.47,81.75,91.0,52.62,28.98,29.58,31.95,18000.0,18000.0,19.14,18000.0,18000.0,276.71,131.66,417.45,20.11,31.93
18000.0,18000.0,1764.02,246.72,44.42,55.08,32.06,30.17,48.85,18000.0,18000.0,43.67,18000.0,18000.0,394.29,151.12,35.24,24.82,27.67
18000.0,18000.0,101.59,0.42,0.37,0.43,0.31,0.14,0.17,584.31,579.98,0.15,18000.0,1354.53,75.16,0.14,0.13,0.41,0.43
18000.0,18000.0,22.17,29.69,20.05,8.43,21.15,3.51,3.03,18000.0,18000.0,10.96,18000.0,18000.0,6.16,4.03,2.8,3.81,4.18
18000.0,18000.0,18000.0,36.34,86.42,102.2,72.62,61.65,72.77,18000.0,18000.0,97.73,18000.0,18000.0,271.56,38.39,52.97,82.22,94.46
18000.0,18000.0,18000.0,18000.0,18000.0,18000.0,18000.0,18000.0,18000.0,18000.0,18000.0,18000.0,18000.0,18000.0,18000.0,18000.0,18000.0,18000.0,18000.0
18000.0,18000.0,18000.0,18000.0,18000.0,18000.0,18000.0,18000.0,18000.0,18000.0,18000.0,18000.0,18000.0,18000.0,18000.0,18000.0,18000.0,18000.0,18000.0
18000.0,18000.0,18000.0,18000.0,18000.0,18000.0,18000.0,18000.0,18000.0,18000.0,18000.0,18000.0,18000.0,18000.0,18000.0,18000.0,18000.0,18000.0,18000.0
18000.0,18000.0,534.12,18000.0,18000.0,18000.0,18000.0,18000.0,18000.0,18000.0,18000.0,18000.0,18000.0,18000.0,228.91,18000.0,18000.0,18000.0,18000.0
18000.0,18000.0,18000.0,18000.0,18000.0,18000.0,18000.0,18000.0,18000.0,18000.0,18000.0,18000.0,18000.0,18000.0,18000.0,18000.0,18000.0,18000.0,18000.0
18000.0,18000.0,0.04,18000.0,18.61,0.7,37.08,18000.0,18000.0,18000.0,18000.0,0.12,18000.0,18000.0,0.12,0.03,0.01,0.04,0.09
18000.0,18000.0,4.64,18000.0,18000.0,18000.0,18000.0,18000.0,18000.0,18000.0,18000.0,18000.0,18000.0,18000.0,7.67,18000.0,18000.0,18000.0,18000.0
18000.0,18000.0,0.26,18000.0,18000.0,18000.0,18000.0,18000.0,18000.0,18000.0,18000.0,18000.0,18000.0,18000.0,0.69,18000.0,18000.0,18000.0,18000.0
18000.0,18000.0,3.72,18000.0,18000.0,5.88,18000.0,18000.0,18000.0,18000.0,18000.0,4.75,18000.0,18000.0,16.78,1.43,1.0,2.27,8.85
18000.0,18000.0,1.1,18000.0,18000.0,18000.0,18000.0,18000.0,18000.0,18000.0,18000.0,18000.0,18000.0,18000.0,2.85,18000.0,18000.0,18000.0,18000.0
18000.0,18000.0,18000.0,18000.0,18000.0,18000.0,18000.0,18000.0,18000.0,18000.0,18000.0,18000.0,18000.0,18000.0,18000.0,18000.0,18000.0,18000.0,18000.0
18000.0,18000.0,2.01,18000.0,18000.0,18000.0,18000.0,18000.0,18000.0,18000.0,18000.0,663.68,18000.0,18000.0,5.24,879.07,18000.0,18000.0,18000.0
18000.0,18000.0,0.46,18000.0,18000.0,1342.13,18000.0,18000.0,18000.0,18000.0,18000.0,18000.0,18000.0,18000.0,0.95,2.01,2.18,18000.0,18000.0
18000.0,18000.0,18000.0,18000.0,18000.0,18000.0,18000.0,18000.0,18000.0,18000.0,18000.0,18000.0,18000.0,18000.0,18000.0,18000.0,18000.0,18000.0,18000.0
18000.0,18000.0,18000.0,18000.0,18000.0,18000.0,18000.0,18000.0,18000.0,18000.0,18000.0,18000.0,18000.0,18000.0,18000.0,18000.0,18000.0,18000.0,18000.0
18000.0,18000.0,584.14,22.82,2.1,7.47,2.56,6.11,11.4,18000.0,18000.0,2.21,18000.0,18000.0,335.67,190.66,507.05,2.72,4.01
18000.0,18000.0,55.19,4.1,0.38,10.35,0.17,0.95,1.19,422.17,424.2,0.17,120.04,79.14,23.14,2.95,1.55,0.08,0.51
18000.0,18000.0,189.11,5.82,0.62,8.72,0.19,1.34,1.08,936.52,907.17,0.24,180.37,18000.0,30.77,2.75,4.01,0.1,0.94
18000.0,18000.0,18000.0,42.74,4.99,110.14,1.64,4.22,2.67,18000.0,18000.0,0.55,18000.0,18000.0,171.83,40.54,30.85,0.5,3.54
147.11,147.54,25.96,0.9,0.38,0.2,0.08,0.18,0.13,105.15,104.95,0.1,49.59,51.15,8.65,0.33,0.21,0.04,0.32
18000.0,18000.0,846.74,17.14,1.91,12.15,1.17,4.83,6.78,18000.0,18000.0,1.89,18000.0,18000.0,185.35,26.52,22.97,2.52,2.24
18000.0,18000.0,120.56,2.64,187.73,149.46,0.34,0.95,0.85,259.92,261.62,0.43,132.42,67.86,42.3,26.78,3.98,0.38,3.04
18000.0,18000.0,19.99,3.61,0.38,1.36,0.1,0.26,0.22,472.53,466.32,0.08,111.0,73.02,10.08,0.28,0.1,0.05,0.34
18000.0,18000.0,18000.0,83.3,6.7,25.59,6.29,19.54,20.0,18000.0,18000.0,13.31,18000.0,18000.0,1305.04,154.24,1440.56,6.97,6.84
18000.0,18000.0,1475.62,19.49,1.66,43.05,1.72,16.17,8.67,18000.0,18000.0,1.7,18000.0,18000.0,78.53,72.54,186.25,1.55,1.69
18000.0,18000.0,18000.0,12.69,5.66,44.95,1.25,2.32,2.39,18000.0,18000.0,5.34,18000.0,18000.0,132.62,39.68,211.32,0.4,3.26
18000.0,18000.0,442.05,20.87,1.82,4.57,2.32,3.89,3.51,512.77,501.88,1.48,213.03,122.49,181.11,53.69,227.53,2.09,2.12
18000.0,18000.0,180.85,6.18,0.68,208.94,0.32,1.02,1.22,861.7,856.79,0.48,232.51,100.42,20.94,2.96,1.71,0.16,0.77
18000.0,18000.0,155.55,8.62,0.82,13.75,0.5,2.52,2.45,18000.0,18000.0,0.4,18000.0,18000.0,22.35,1.85,6.18,0.24,1.19
18000.0,18000.0,244.38,33.6,1.58,174.0,1.36,7.34,4.23,1723.2,1680.19,1.51,290.91,120.26,79.19,19.7,66.45,0.64,2.15
18000.0,18000.0,35.78,2.24,0.3,427.83,0.17,0.45,0.32,80.86,80.39,0.15,64.8,52.85,16.29,5.36,5.75,0.09,0.54
18000.0,18000.0,138.55,7.3,0.57,28.1,0.27,1.78,1.68,809.44,821.04,0.28,233.0,261.69,81.27,10.94,2.34,0.12,0.74
18000.0,18000.0,68.12,2.01,0.2,4.04,0.14,0.34,0.34,254.91,257.26,0.13,18000.0,18000.0,7.99,1.93,3.53,0.05,0.4
18000.0,18000.0,206.94,5.4,0.59,17.02,0.2,1.36,1.08,1366.98,1355.72,0.21,220.36,277.33,18.22,4.49,7.9,0.12,1.13
18000.0,18000.0,290.46,10.46,0.64,80.46,0.38,2.16,1.7,976.58,961.54,0.43,18000.0,178.69,36.68,3.24,14.77,0.24,0.8
18000.0,18000.0,18000.0,19.32,6.03,23.53,2.37,5.19,3.45,18000.0,18000.0,4.48,18000.0,18000.0,18000.0,26.19,5.7,1.52,4.01
18000.0,18000.0,64.63,2.76,11.0,127.39,0.3,1.21,1.04,131.51,131.67,0.32,106.68,86.62,75.31,18.88,32.27,0.16,2.45
18000.0,18000.0,18000.0,23.09,4.97,41.22,2.28,4.13,2.34,18000.0,18000.0,1.66,18000.0,18000.0,536.43,26.32,23.85,0.63,2.19
18000.0,18000.0,0.05,3.97,0.06,0.06,0.06,2.75,2.45,18000.0,18000.0,0.04,18000.0,18000.0,0.09,0.04,0.04,0.04,0.06
18000.0,18000.0,18000.0,18000.0,18000.0,18000.0,18000.0,18000.0,18000.0,18000.0,18000.0,18000.0,18000.0,18000.0,18000.0,18000.0,18000.0,18000.0,18000.0
18000.0,18000.0,0.55,87.77,0.28,0.32,0.05,49.94,41.37,18000.0,18000.0,0.07,18000.0,18000.0,23.64,0.05,0.07,0.05,0.33
18000.0,18000.0,4.82,18000.0,12.75,37.72,1.34,18000.0,18000.0,18000.0,18000.0,2.54,18000.0,18000.0,65.01,1.01,2.06,1.08,1.23
18000.0,18000.0,18000.0,18000.0,116.94,1529.58,347.91,18000.0,18000.0,18000.0,18000.0,66.59,18000.0,18000.0,18000.0,56.07,456.41,37.32,44.16
18000.0,18000.0,18000.0,18000.0,231.96,183.04,146.99,1431.29,1015.93,18000.0,18000.0,482.63,18000.0,18000.0,18000.0,18000.0,18000.0,456.02,185.0
18000.0,18000.0,18000.0,12.61,18.37,22.63,1.31,3.03,3.22,18000.0,18000.0,3.58,18000.0,18000.0,985.53,18.11,5.16,0.95,6.93
18000.0,18000.0,1683.81,18000.0,14.34,22.8,5.33,18000.0,18000.0,18000.0,18000.0,1.48,18000.0,18000.0,174.19,1.63,2.57,5.03,1.65
18000.0,18000.0,18000.0,38.15,9.11,31.89,3.34,17.17,7.96,18000.0,18000.0,4.22,18000.0,18000.0,18000.0,65.23,82.3,8.32,4.52
25.63,24.27,0.03,959.01,0.04,0.02,0.9,18000.0,18000.0,18000.0,18000.0,0.11,18000.0,18000.0,0.02,0.0,0.0,0.08,0.25
18000.0,18000.0,18000.0,18000.0,18000.0,18000.0,18000.0,18000.0,18000.0,18000.0,18000.0,18000.0,18000.0,18000.0,18000.0,18000.0,18000.0,18000.0,18000.0
18000.0,18000.0,18000.0,18000.0,18000.0,18000.0,18000.0,18000.0,18000.0,18000.0,18000.0,18000.0,18000.0,18000.0,18000.0,18000.0,18000.0,18000.0,18000.0
18000.0,18000.0,18000.0,18000.0,18000.0,18000.0,18000.0,18000.0,18000.0,18000.0,18000.0,18000.0,18000.0,18000.0,18000.0,18000.0,18000.0,18000.0,18000.0
18000.0,18000.0,18000.0,18000.0,18000.0,18000.0,18000.0,18000.0,18000.0,18000.0,18000.0,18000.0,18000.0,18000.0,18000.0,18000.0,18000.0,18000.0,18000.0
18000.0,18000.0,32.62,11.87,1.17,1.08,43.12,1.16,1.21,18000.0,18000.0,5.92,18000.0,18000.0,2.48,0.95,0.95,2.14,2.65
18000.0,18000.0,18000.0,18000.0,18000.0,18000.0,18000.0,18000.0,18000.0,18000.0,18000.0,18000.0,18000.0,18000.0,18000.0,18000.0,18000.0,18000.0,18000.0
18000.0,18000.0,18000.0,18000.0,1423.25,1755.04,18000.0,18000.0,18000.0,18000.0,18000.0,18000.0,18000.0,18000.0,18000.0,18000.0,18000.0,18000.0,18000.0
18000.0,18000.0,18000.0,18000.0,18000.0,18000.0,18000.0,18000.0,18000.0,18000.0,18000.0,18000.0,18000.0,18000.0,18000.0,1216.72,18000.0,18000.0,18000.0
18000.0,18000.0,18000.0,18000.0,18000.0,18000.0,18000.0,18000.0,18000.0,18000.0,18000.0,18000.0,18000.0,18000.0,18000.0,18000.0,18000.0,18000.0,18000.0
18000.0,18000.0,18000.0,18000.0,18000.0,18000.0,18000.0,18000.0,18000.0,18000.0,18000.0,18000.0,18000.0,18000.0,18000.0,18000.0,18000.0,18000.0,18000.0
18000.0,18000.0,34.57,8.99,17.22,24.86,170.97,1.33,1.7,294.37,283.06,18.02,401.68,382.75,41.67,5.26,5.14,7.39,16.61
18000.0,18000.0,18000.0,18000.0,1430.76,460.36,18000.0,18000.0,18000.0,18000.0,18000.0,18000.0,18000.0,18000.0,18000.0,18000.0,18000.0,18000.0,18000.0
22.05,28.82,34.71,10.81,7.67,3.88,55.05,7.8,7.47,2.07,2.05,7.81,3.37,4.49,60.41,16.98,14.85,8.17,8.82
249.81,18000.0,17.81,10.84,1.53,0.58,9.26,4.19,4.37,18000.0,18000.0,1.51,18000.0,18000.0,23.53,2.74,2.23,1.55,1.13
18000.0,18000.0,67.43,56.04,15.57,17.39,98.5,17.84,19.18,64.33,63.27,12.78,32.11,40.71,104.09,20.26,18.99,10.49,15.21
18000.0,18000.0,1154.2,18000.0,529.24,238.7,18000.0,18000.0,18000.0,18000.0,18000.0,1053.6,18000.0,18000.0,18000.0,18000.0,18000.0,18000.0,18000.0
18000.0,18000.0,18000.0,18000.0,993.69,590.0,18000.0,814.23,764.49,18000.0,18000.0,934.54,18000.0,18000.0,18000.0,1439.2,18000.0,18000.0,18000.0
18000.0,18000.0,773.39,24.59,90.36,113.08,18000.0,7.8,6.62,18000.0,18000.0,13.37,18000.0,18000.0,821.32,73.26,54.51,19.19,26.57
18000.0,18000.0,65.0,175.89,34.12,48.09,165.07,16.57,14.6,246.16,242.99,9.82,841.84,798.58,536.54,9.95,13.29,9.25,8.44
180.82,812.92,1.93,18000.0,0.3,0.1,18000.0,18000.0,18000.0,11.11,11.14,108.94,0.94,1.47,14.2,0.95,1.76,18000.0,18000.0
64.74,18000.0,31.46,18000.0,0.66,0.33,18000.0,18000.0,18000.0,1.32,1.31,75.78,0.44,0.65,5.46,1.05,13.46,18000.0,1679.95
1051.47,18000.0,20.2,18000.0,1.91,0.96,18000.0,18000.0,18000.0,40.16,40.27,744.88,3.76,6.07,14.72,12.0,22.17,494.74,589.82
617.78,18000.0,150.71,18000.0,3.05,2.5,18000.0,18000.0,18000.0,6.84,6.89,546.12,31.98,53.12,18.37,15.96,22.33,750.71,966.78
18000.0,18000.0,281.4,18000.0,7.3,7.2,18000.0,18000.0,18000.0,19.0,18.73,1171.99,103.67,112.23,21.14,30.59,22.24,18000.0,1398.97
18000.0,18000.0,213.32,18000.0,12.49,10.82,18000.0,18000.0,18000.0,20.96,20.74,18000.0,59.55,69.73,27.82,27.05,19.98,18000.0,18000.0
18000.0,18000.0,388.4,18000.0,11.58,7.68,18000.0,18000.0,18000.0,18000.0,18000.0,18000.0,59.23,56.16,41.21,12.97,15.6,18000.0,18000.0
18000.0,18000.0,324.17,18000.0,3.59,1.71,18000.0,18000.0,18000.0,18000.0,18000.0,18000.0,15.5,14.8,100.97,0.8,9.49,18000.0,18000.0
18000.0,18000.0,360.19,18000.0,2.73,1.59,18000.0,18000.0,18000.0,675.96,662.06,1669.84,11.95,13.71,84.82,1.12,76.22,18000.0,18000.0
18000.0,18000.0,347.11,18000.0,9.66,4.62,18000.0,18000.0,18000.0,18000.0,18000.0,1452.58,39.65,38.77,55.7,17.61,13.88,18000.0,18000.0
18000.0,18000.0,0.29,18000.0,56.23,44.44,0.41,18000.0,18000.0,18000.0,18000.0,2.53,18000.0,18000.0,1.33,1.36,0.3,0.21,0.21
18000.0,18000.0,0.07,18000.0,454.19,1.02,18000.0,18000.0,18000.0,18000.0,18000.0,0.54,5.57,4.95,0.12,0.26,0.29,0.43,1.06
175.07,169.84,4.19,18000.0,18000.0,18000.0,18000.0,18000.0,18000.0,163.67,160.67,18000.0,421.8,473.69,5.36,18000.0,18000.0,18000.0,18000.0
64.34,62.8,0.44,18000.0,1689.46,976.54,281.46,18000.0,18000.0,64.39,63.07,1241.85,30.59,26.84,3.23,18000.0,18000.0,18000.0,344.58
18.62,18.5,0.17,18.06,50.63,7.67,1.49,63.62,9.87,40.71,39.98,2.08,10.37,10.51,0.33,9.75,8.05,24.09,33.07
7.71,7.49,2.3,230.36,153.44,28.69,7.42,104.18,76.46,17.85,17.49,51.05,26.77,27.38,0.27,18.34,34.56,114.38,39.64
18000.0,18000.0,0.22,18000.0,18000.0,18000.0,18000.0,18000.0,18000.0,18000.0,18000.0,18000.0,18000.0,18000.0,0.28,18000.0,18000.0,18000.0,18000.0
18000.0,18000.0,0.45,18000.0,18000.0,18000.0,18000.0,18000.0,18000.0,18000.0,18000.0,18000.0,18000.0,18000.0,0.64,18000.0,18000.0,18000.0,18000.0
18000.0,18000.0,3.94,18000.0,18000.0,18000.0,18000.0,18000.0,18000.0,18000.0,18000.0,18000.0,18000.0,18000.0,4.13,18000.0,18000.0,18000.0,18000.0
18000.0,18000.0,2.93,18000.0,18000.0,18000.0,18000.0,18000.0,18000.0,18000.0,18000.0,18000.0,18000.0,18000.0,3.8,18000.0,18000.0,18000.0,18000.0
18000.0,18000.0,735.89,18000.0,18000.0,18000.0,18000.0,18000.0,18000.0,18000.0,18000.0,18000.0,18000.0,18000.0,18000.0,18000.0,18000.0,18000.0,18000.0
18000.0,18000.0,0.14,18000.0,1.86,0.13,14.27,18000.0,18000.0,18000.0,18000.0,0.14,18000.0,18000.0,0.21,0.09,0.56,0.31,0.86
0.35,0.3,0.01,0.01,0.0,0.0,0.0,0.01,0.01,0.09,0.09,0.0,0.02,0.01,0.01,0.0,0.0,0.0,0.0
18000.0,18000.0,1.31,18000.0,18000.0,18000.0,18000.0,18000.0,18000.0,18000.0,18000.0,780.24,18000.0,18000.0,4.73,10.58,44.77,18000.0,18000.0
18000.0,18000.0,1.0,18000.0,18000.0,18000.0,18000.0,18000.0,18000.0,18000.0,18000.0,18000.0,18000.0,18000.0,4.56,1.6,1.85,18000.0,18000.0
18000.0,18000.0,0.02,18000.0,0.3,0.04,0.88,18000.0,18000.0,18000.0,18000.0,0.07,0.14,0.17,0.03,0.01,0.0,0.02,0.05
18000.0,18000.0,0.03,18000.0,0.73,0.07,5.88,18000.0,18000.0,18000.0,18000.0,0.1,0.4,0.88,0.04,0.02,0.01,0.02,0.07
18000.0,18000.0,18000.0,18000.0,18000.0,18000.0,18000.0,18000.0,18000.0,18000.0,18000.0,18000.0,18000.0,18000.0,18000.0,18000.0,18000.0,18000.0,18000.0
18000.0,18000.0,18000.0,18000.0,18000.0,18000.0,18000.0,18000.0,18000.0,18000.0,18000.0,18000.0,18000.0,18000.0,18000.0,18000.0,18000.0,18000.0,18000.0
18000.0,18000.0,18000.0,18000.0,18000.0,18000.0,18000.0,18000.0,18000.0,18000.0,18000.0,18000.0,18000.0,18000.0,18000.0,18000.0,18000.0,18000.0,18000.0
18000.0,18000.0,18000.0,18000.0,18000.0,18000.0,18000.0,18000.0,18000.0,18000.0,18000.0,18000.0,18000.0,18000.0,18000.0,18000.0,18000.0,18000.0,18000.0
18000.0,18000.0,0.39,18000.0,18000.0,18000.0,18000.0,18000.0,18000.0,18000.0,18000.0,96.6,18000.0,18000.0,1.11,6.96,1523.22,86.24,17.94
18000.0,18000.0,0.38,18000.0,18000.0,18000.0,18000.0,18000.0,18000.0,18000.0,18000.0,18000.0,18000.0,18000.0,1.17,4.43,18000.0,18000.0,18000.0
550.01,547.73,3.18,3.13,1.12,1.04,0.18,0.77,1.67,18000.0,18000.0,0.41,104.51,101.13,21.47,0.85,0.62,0.41,0.31
18000.0,18000.0,0.33,18000.0,1045.61,106.55,18000.0,18000.0,18000.0,18000.0,18000.0,64.09,18000.0,18000.0,1.47,215.22,18000.0,437.11,224.77
4.71,18000.0,0.09,0.39,0.05,0.04,0.01,0.02,0.02,1.59,1.57,0.01,7.14,6.04,0.04,0.01,0.02,0.01,0.03
3.94,18000.0,0.1,0.74,0.05,0.07,0.03,0.02,0.03,1.05,1.06,0.02,7.28,7.87,0.04,0.05,0.03,0.03,0.05
3.85,18000.0,0.11,0.73,0.05,0.07,0.02,0.05,0.04,7.59,7.63,0.03,6.49,6.79,0.07,0.01,0.01,0.02,0.05
3.75,18000.0,0.12,0.6,0.08,0.1,0.01,0.06,0.06,0.2,0.2,0.01,15.08,13.71,0.07,0.03,0.05,0.01,0.05
3.64,18000.0,0.24,0.4,0.1,0.07,0.01,0.03,0.07,2.93,2.92,0.01,17.4,14.43,0.05,0.0,0.0,0.01,0.05
18000.0,18000.0,4.1,2.51,1.1,1.1,1.27,0.39,0.41,18000.0,18000.0,0.72,18000.0,18000.0,1.09,0.73,0.43,1.05,0.67
18000.0,18000.0,451.38,4.55,1.39,0.74,0.65,1.42,0.94,18000.0,18000.0,0.37,18000.0,18000.0,10.65,1.92,6.54,1.14,1.18
18000.0,18000.0,899.61,7.81,6.77,4.38,2.78,5.25,4.62,18000.0,18000.0,0.52,18000.0,18000.0,105.97,5.76,12.51,4.76,4.72
18000.0,18000.0,786.91,2.93,6.43,8.62,1.92,1.84,2.74,18000.0,18000.0,1.87,18000.0,18000.0,48.53,4.33,13.04,2.68,8.07
18000.0,18000.0,1363.52,3.02,2.04,3.28,0.38,0.87,1.25,18000.0,18000.0,0.41,18000.0,18000.0,9.8,0.61,0.78,0.86,0.76
18000.0,18000.0,18000.0,4.67,2.83,4.2,0.83,1.45,1.56,18000.0,18000.0,0.46,18000.0,18000.0,24.64,0.74,0.48,1.49,1.27
18000.0,18000.0,24.21,4.38,2.42,1.43,1.51,1.52,2.03,18000.0,18000.0,0.41,18000.0,18000.0,4.53,2.03,4.33,8.46,2.13
18000.0,18000.0,17.88,3.84,2.73,3.21,0.89,0.95,1.27,18000.0,18000.0,1.27,18000.0,18000.0,6.88,1.83,2.16,1.43,0.79
221.93,18000.0,35.98,1.68,1.34,1.08,0.21,0.32,0.43,18000.0,18000.0,0.08,18000.0,18000.0,1.13,0.05,0.04,0.14,0.19
18000.0,18000.0,0.1,186.39,52.98,167.4,0.03,211.88,378.34,18000.0,18000.0,0.02,1.82,0.53,0.18,0.01,0.0,0.02,0.03
18000.0,18000.0,18000.0,18000.0,500.51,921.95,1149.64,18000.0,18000.0,18000.0,18000.0,1795.92,18000.0,18000.0,90.15,18000.0,18000.0,1249.35,18000.0
18000.0,18000.0,0.07,18000.0,286.11,1.78,18000.0,18000.0,18000.0,18000.0,18000.0,18000.0,18000.0,18000.0,0.07,0.46,17.98,18000.0,18000.0
18000.0,18000.0,18000.0,18000.0,18000.0,18000.0,18000.0,18000.0,18000.0,18000.0,18000.0,18000.0,18000.0,18000.0,18000.0,18000.0,18000.0,18000.0,18000.0
18000.0,18000.0,18000.0,530.69,221.02,170.04,244.85,122.49,120.46,18000.0,18000.0,142.46,18000.0,18000.0,18000.0,354.2,350.77,92.91,110.69
18000.0,18000.0,1.42,64.72,5.17,5.73,4.73,3.78,3.88,18000.0,18000.0,1.05,1254.89,1070.34,0.98,0.42,0.46,1.24,3.22
18000.0,18000.0,3.35,115.82,16.18,19.98,12.87,5.5,6.02,18000.0,18000.0,2.1,18000.0,18000.0,1.84,0.65,0.57,1.77,4.54
18000.0,18000.0,4.78,97.55,52.65,33.8,42.81,8.51,8.63,18000.0,18000.0,3.67,18000.0,18000.0,1.92,0.64,0.64,3.08,8.15
18000.0,18000.0,5.69,319.18,118.51,125.15,90.8,17.8,16.5,18000.0,18000.0,4.55,18000.0,18000.0,2.29,1.3,1.27,3.64,9.29
18000.0,18000.0,4.36,48.25,4.07,6.39,3.62,1.62,1.4,18000.0,18000.0,0.91,1373.14,1016.73,3.2,0.48,0.49,1.17,2.94
18000.0,18000.0,3.88,175.84,39.59,19.52,32.44,11.86,11.15,18000.0,18000.0,3.86,1206.46,1379.32,1.58,0.61,0.55,2.29,5.33
18000.0,18000.0,10.5,288.24,138.93,112.61,109.65,20.7,23.81,18000.0,18000.0,5.83,1467.87,1463.0,2.34,1.25,1.09,3.85,9.84
18000.0,18000.0,6.37,57.75,6.32,9.01,5.25,2.8,2.7,18000.0,18000.0,1.33,1169.58,1327.98,2.22,0.7,0.6,1.37,3.78
18000.0,18000.0,3.27,47.38,3.12,5.09,3.15,1.89,1.63,18000.0,18000.0,0.9,998.63,1041.57,0.87,0.5,0.5,1.06,2.58
18000.0,18000.0,8.87,59.51,61.97,70.8,45.5,4.84,4.93,18000.0,18000.0,3.78,18000.0,18000.0,2.1,0.63,0.57,2.86,7.4
18000.0,18000.0,1.74,105.12,48.27,25.73,41.22,12.35,13.91,18000.0,18000.0,3.03,552.25,555.69,0.51,0.28,0.28,1.39,3.21
18000.0,18000.0,1.51,57.0,7.29,7.3,5.98,2.14,2.23,18000.0,18000.0,1.24,1300.33,1194.44,1.41,0.4,0.34,1.37,3.51
18000.0,18000.0,4.36,71.94,82.94,79.07,77.59,14.35,11.47,18000.0,18000.0,5.42,18000.0,18000.0,1.59,1.16,1.14,2.94,7.04
18000.0,18000.0,1.4,26.79,4.94,5.46,4.16,1.54,1.55,18000.0,18000.0,0.99,385.74,408.91,0.42,0.19,0.19,0.72,1.54
18000.0,18000.0,5.38,69.36,8.67,14.78,5.83,3.07,2.84,18000.0,18000.0,1.46,1316.97,1263.57,1.39,0.56,0.57,1.35,3.37
18000.0,18000.0,1.75,41.12,54.17,3.44,56.24,4.62,4.21,18000.0,18000.0,3.2,614.38,664.21,0.9,0.47,0.47,1.67,3.36
18000.0,18000.0,1.46,32.52,7.75,5.76,7.68,2.03,1.87,18000.0,18000.0,1.62,1570.71,1132.19,0.54,0.31,0.29,1.37,3.11
18000.0,18000.0,3.18,41.7,4.74,6.49,3.62,1.72,1.57,18000.0,18000.0,1.02,1036.69,1020.81,1.55,0.58,0.56,1.24,3.04
18000.0,18000.0,7.02,248.9,62.44,40.6,50.76,19.39,16.61,18000.0,18000.0,3.82,18000.0,18000.0,2.67,0.82,0.66,2.78,8.69
18000.0,18000.0,1.38,33.13,39.28,31.57,38.82,2.82,2.81,18000.0,18000.0,2.94,688.08,531.05,0.61,0.25,0.25,1.4,3.11
18000.0,18000.0,0.74,12.45,5.18,1.68,6.21,0.69,0.73,18000.0,18000.0,2.97,18000.0,18000.0,0.29,0.15,0.15,0.45,1.0
18000.0,18000.0,2.78,53.22,4.29,5.46,3.73,1.68,1.95,18000.0,18000.0,1.14,1413.7,1457.05,1.23,0.4,0.36,1.19,2.5
18000.0,18000.0,3.45,62.04,36.54,24.01,36.57,3.61,3.75,18000.0,18000.0,2.97,1566.21,1657.25,1.5,0.49,0.45,2.31,6.46
18000.0,18000.0,8.74,96.21,11.15,14.61,7.35,4.27,3.64,18000.0,18000.0,1.4,870.14,1068.64,5.83,0.73,0.61,1.59,4.95
18000.0,18000.0,5.84,55.29,31.39,34.57,25.02,3.51,4.03,18000.0,18000.0,2.58,18000.0,18000.0,1.55,0.55,0.51,2.28,6.57
18000.0,18000.0,0.82,32.52,48.62,37.68,40.47,2.52,2.37,18000.0,18000.0,2.85,523.33,632.94,0.59,0.33,0.28,1.71,3.17
18000.0,18000.0,8.23,101.26,28.67,29.52,31.16,20.61,23.3,18000.0,18000.0,2.62,1737.23,1476.29,2.17,0.81,0.7,2.27,5.95
18000.0,18000.0,2.88,49.58,9.9,8.13,9.71,4.41,3.53,18000.0,18000.0,1.73,1468.15,1188.13,0.85,0.39,0.34,1.5,3.83
18000.0,18000.0,3.11,49.09,3.86,5.96,3.51,1.59,1.63,18000.0,18000.0,0.9,963.39,1140.78,1.51,0.51,0.49,1.24,3.13
18000.0,18000.0,5.29,84.73,29.91,23.65,24.23,4.41,5.34,18000.0,18000.0,2.8,18000.0,18000.0,2.24,0.55,0.57,2.5,6.53
18000.0,18000.0,18000.0,443.3,109.86,95.8,110.66,76.52,56.11,18000.0,18000.0,74.95,18000.0,1688.03,18000.0,137.38,201.76,28.38,29.21
621.0,620.96,0.37,18000.0,0.15,0.14,0.59,18000.0,18000.0,18000.0,18000.0,0.31,0.81,1.21,0.56,0.06,0.08,0.13,0.53
18000.0,18000.0,18000.0,18000.0,18000.0,18000.0,18000.0,18000.0,18000.0,18000.0,18000.0,18000.0,18000.0,18000.0,18000.0,18000.0,18000.0,18000.0,18000.0
18000.0,18000.0,18000.0,10.9,21.88,25.57,51.76,14.45,11.12,18000.0,18000.0,5.06,18000.0,18000.0,18000.0,19.74,21.05,11.93,4.37
18000.0,18000.0,16.21,0.69,0.81,0.99,0.21,0.23,0.26,18000.0,18000.0,0.2,18000.0,18000.0,4.05,0.24,0.24,0.24,0.49
18000.0,18000.0,18000.0,20.51,25.87,11.85,30.91,17.66,14.82,18000.0,18000.0,16.82,18000.0,18000.0,18000.0,30.16,33.33,9.53,8.49
18000.0,18000.0,101.49,1.03,0.79,1.04,0.44,0.64,0.66,18000.0,18000.0,0.48,18000.0,18000.0,6.96,0.32,0.3,0.25,0.51
18000.0,18000.0,18000.0,206.01,59.57,132.47,105.66,49.16,55.86,18000.0,18000.0,127.82,18000.0,18000.0,18000.0,138.0,1597.47,99.61,51.68
18000.0,18000.0,18000.0,9.16,8.97,10.25,14.66,5.28,5.07,18000.0,18000.0,7.32,18000.0,18000.0,18000.0,12.1,6.76,13.22,4.72
18000.0,18000.0,18000.0,18000.0,18000.0,18000.0,18000.0,1777.17,18000.0,18000.0,18000.0,1263.66,18000.0,18000.0,18000.0,18000.0,18000.0,18000.0,18000.0
18000.0,18000.0,42.98,1.03,1.08,1.14,0.24,0.33,0.3,18000.0,18000.0,0.2,18000.0,18000.0,24.9,0.23,0.24,0.34,0.33
18000.0,18000.0,660.65,15.14,12.04,12.26,9.36,8.18,9.7,18000.0,18000.0,8.4,18000.0,18000.0,125.78,61.6,8.12,7.15,10.71
18000.0,18000.0,18000.0,5.36,11.7,14.59,6.85,3.89,4.91,18000.0,18000.0,5.23,18000.0,18000.0,18000.0,4.0,3.45,15.37,19.25
18000.0,18000.0,18000.0,18000.0,18000.0,18000.0,18000.0,18000.0,18000.0,18000.0,18000.0,18000.0,18000.0,18000.0,18000.0,18000.0,18000.0,640.0,399.43
18000.0,18000.0,5.56,48.33,1.16,1.19,0.5,4.82,5.34,18000.0,18000.0,0.2,18000.0,18000.0,6.88,1.63,0.99,0.48,3.09
18000.0,18000.0,24.18,86.12,2.98,3.01,2.68,11.02,10.12,18000.0,18000.0,0.59,18000.0,18000.0,32.01,4.09,3.02,1.53,9.98
18000.0,18000.0,22.81,94.86,2.73,3.94,2.87,11.07,8.89,18000.0,18000.0,0.61,18000.0,18000.0,19.69,4.53,3.28,1.95,11.32
18000.0,18000.0,18.48,107.25,6.89,2.16,2.56,12.02,12.76,18000.0,18000.0,0.44,18000.0,18000.0,18.04,3.83,2.9,1.22,7.23
18000.0,18000.0,18000.0,25.49,8.21,85.44,6.31,7.01,2.42,18000.0,18000.0,4.55,18000.0,18000.0,18000.0,4.15,4.22,10.84,33.72
18000.0,18000.0,1366.99,16.92,11.15,7.03,3.04,1588.87,227.74,18000.0,18000.0,3.05,18000.0,18000.0,80.48,51.55,8.01,1.8,2.49
18000.0,139.44,220.73,12.67,5.64,5.55,1.3,9.39,315.77,18000.0,18000.0,1.94,18000.0,18000.0,105.49,21.14,14.48,4.49,4.32
18000.0,18000.0,18000.0,20.27,11.91,12.69,3.4,27.41,29.62,18000.0,18000.0,3.0,18000.0,18000.0,115.21,23.38,12.53,4.87,5.65
18000.0,18000.0,18000.0,18000.0,18000.0,22.05,8.12,18000.0,18000.0,18000.0,18000.0,11.7,18000.0,18000.0,187.01,802.21,813.62,18000.0,18000.0
